MTL_mix2_id_xlmr_emocls_EarlyStopping
ckpt_path: /mnt/data/acandri/multitask_nlp/storage/checkpoints/logical-sky-4
model size: 1060.756992340088
number of params: 278069025
number of trainable params: 278069025
average inference time: 0.014910939171910284
nr of epochs: 10
nr of rep: 0
predictions: [{'predict_loss': tensor(1.1199), 'y_pred': tensor([[0.1751, 0.0479, 0.0765],
        [0.1829, 0.0589, 0.0723],
        [0.1572, 0.0492, 0.0737],
        [0.1880, 0.0479, 0.0875],
        [0.1853, 0.0629, 0.0970],
        [0.1777, 0.0469, 0.0803],
        [0.1781, 0.0675, 0.0906],
        [0.1843, 0.0465, 0.0731],
        [0.1917, 0.0545, 0.0907],
        [0.1780, 0.0493, 0.0931],
        [0.1816, 0.0543, 0.0968],
        [0.1749, 0.0383, 0.0932],
        [0.1770, 0.0560, 0.0932],
        [0.1871, 0.0404, 0.0922],
        [0.1831, 0.0681, 0.0899],
        [0.1857, 0.0590, 0.0912]]), 'y_true': tensor([[2],
        [2],
        [2],
        [2],
        [2],
        [2],
        [2],
        [2],
        [2],
        [2],
        [2],
        [2],
        [2],
        [2],
        [2],
        [2]]), 'task_name': 'smsa_doc_sentiment_prosa', 'task_type': 'classification', 'inference_time': 0.017855487823486327}, {'predict_loss': tensor(1.1141), 'y_pred': tensor([[0.1724, 0.0539, 0.0837],
        [0.1709, 0.0420, 0.1023],
        [0.1765, 0.0552, 0.0917],
        [0.1860, 0.0412, 0.0984],
        [0.1655, 0.0372, 0.0944],
        [0.1713, 0.0523, 0.0902],
        [0.1813, 0.0518, 0.0876],
        [0.1800, 0.0537, 0.0930],
        [0.1817, 0.0421, 0.0919],
        [0.1650, 0.0521, 0.0731],
        [0.1820, 0.0498, 0.0889],
        [0.1737, 0.0558, 0.0965],
        [0.1818, 0.0504, 0.0826],
        [0.1727, 0.0373, 0.0861],
        [0.1799, 0.0512, 0.0936],
        [0.1844, 0.0492, 0.1085]]), 'y_true': tensor([[2],
        [2],
        [2],
        [2],
        [2],
        [2],
        [2],
        [2],
        [2],
        [2],
        [2],
        [2],
        [2],
        [2],
        [2],
        [2]]), 'task_name': 'smsa_doc_sentiment_prosa', 'task_type': 'classification', 'inference_time': 0.019668960571289064}, {'predict_loss': tensor(1.1096), 'y_pred': tensor([[ 0.1865,  0.0449,  0.0908],
        [ 0.1671,  0.0493,  0.0981],
        [ 0.1813,  0.0486,  0.0876],
        [ 0.1732,  0.0535,  0.0870],
        [ 0.1751,  0.0468,  0.0827],
        [ 0.1683,  0.0434,  0.0894],
        [ 0.1774,  0.0608,  0.0872],
        [ 0.1917,  0.0416,  0.1026],
        [ 0.1777,  0.0420,  0.1052],
        [ 0.1839,  0.0542,  0.0954],
        [ 0.1659,  0.0406,  0.0969],
        [ 0.1561,  0.0371,  0.0723],
        [ 0.1672,  0.0561,  0.0946],
        [ 0.1785,  0.0320,  0.0911],
        [ 0.1815,  0.0483,  0.0906],
        [ 0.1712, -0.0343,  0.1365]]), 'y_true': tensor([[2],
        [2],
        [2],
        [2],
        [2],
        [2],
        [2],
        [2],
        [2],
        [2],
        [2],
        [2],
        [2],
        [2],
        [2],
        [2]]), 'task_name': 'smsa_doc_sentiment_prosa', 'task_type': 'classification', 'inference_time': 0.014660608291625977}, {'predict_loss': tensor(1.1188), 'y_pred': tensor([[0.1854, 0.0524, 0.0946],
        [0.1840, 0.0549, 0.0974],
        [0.1610, 0.0390, 0.0818],
        [0.1825, 0.0658, 0.0867],
        [0.1861, 0.0555, 0.0960],
        [0.1786, 0.0468, 0.0866],
        [0.1888, 0.0612, 0.0906],
        [0.1857, 0.0411, 0.0854],
        [0.1880, 0.0624, 0.0895],
        [0.1612, 0.0533, 0.0783],
        [0.1618, 0.0245, 0.0859],
        [0.1827, 0.0590, 0.0928],
        [0.1836, 0.0624, 0.0784],
        [0.1895, 0.0572, 0.0985],
        [0.1854, 0.0594, 0.0932],
        [0.1879, 0.0587, 0.0888]]), 'y_true': tensor([[2],
        [2],
        [2],
        [2],
        [2],
        [2],
        [2],
        [2],
        [2],
        [2],
        [2],
        [2],
        [2],
        [2],
        [2],
        [2]]), 'task_name': 'smsa_doc_sentiment_prosa', 'task_type': 'classification', 'inference_time': 0.02050764846801758}, {'predict_loss': tensor(1.1194), 'y_pred': tensor([[0.1655, 0.0416, 0.0767],
        [0.1761, 0.0542, 0.0847],
        [0.1733, 0.0666, 0.0789],
        [0.1775, 0.0564, 0.0799],
        [0.1817, 0.0557, 0.0881],
        [0.1928, 0.0681, 0.0914],
        [0.1940, 0.0663, 0.1080],
        [0.1783, 0.0526, 0.0885],
        [0.1825, 0.0539, 0.0918],
        [0.1744, 0.0527, 0.0878],
        [0.1795, 0.0515, 0.0775],
        [0.1858, 0.0640, 0.0897],
        [0.1902, 0.0623, 0.0963],
        [0.1811, 0.0448, 0.1001],
        [0.1850, 0.0543, 0.0975],
        [0.1830, 0.0521, 0.0985]]), 'y_true': tensor([[2],
        [2],
        [2],
        [2],
        [2],
        [2],
        [2],
        [2],
        [2],
        [2],
        [2],
        [2],
        [2],
        [2],
        [2],
        [2]]), 'task_name': 'smsa_doc_sentiment_prosa', 'task_type': 'classification', 'inference_time': 0.013940735816955567}, {'predict_loss': tensor(1.1171), 'y_pred': tensor([[0.1839, 0.0527, 0.1087],
        [0.1616, 0.0635, 0.0989],
        [0.1680, 0.0483, 0.0951],
        [0.1823, 0.0589, 0.0898],
        [0.1712, 0.0463, 0.0984],
        [0.1876, 0.0538, 0.1019],
        [0.1781, 0.0659, 0.0975],
        [0.1817, 0.0332, 0.0858],
        [0.1845, 0.0768, 0.0922],
        [0.1908, 0.0801, 0.0855],
        [0.1896, 0.0699, 0.1015],
        [0.1966, 0.0676, 0.0927],
        [0.1819, 0.0488, 0.0987],
        [0.1726, 0.0530, 0.0833],
        [0.1915, 0.0782, 0.0932],
        [0.1826, 0.0726, 0.1007]]), 'y_true': tensor([[2],
        [2],
        [2],
        [2],
        [2],
        [2],
        [2],
        [2],
        [2],
        [2],
        [2],
        [2],
        [2],
        [2],
        [2],
        [2]]), 'task_name': 'smsa_doc_sentiment_prosa', 'task_type': 'classification', 'inference_time': 0.01843916893005371}, {'predict_loss': tensor(1.1150), 'y_pred': tensor([[0.1883, 0.0702, 0.1133],
        [0.1686, 0.0560, 0.0929],
        [0.1759, 0.0587, 0.0977],
        [0.1717, 0.0642, 0.1140],
        [0.1735, 0.0475, 0.1176],
        [0.1745, 0.0566, 0.0768],
        [0.1786, 0.0621, 0.0914],
        [0.1842, 0.0598, 0.0947],
        [0.1838, 0.0485, 0.1021],
        [0.1901, 0.0490, 0.0786],
        [0.1763, 0.0430, 0.0900],
        [0.1924, 0.0551, 0.1037],
        [0.1597, 0.0614, 0.0809],
        [0.1893, 0.0518, 0.0943],
        [0.1729, 0.0495, 0.0733],
        [0.1921, 0.0464, 0.0939]]), 'y_true': tensor([[2],
        [2],
        [2],
        [2],
        [2],
        [2],
        [2],
        [2],
        [2],
        [2],
        [2],
        [2],
        [2],
        [2],
        [2],
        [2]]), 'task_name': 'smsa_doc_sentiment_prosa', 'task_type': 'classification', 'inference_time': 0.010645503997802735}, {'predict_loss': tensor(1.1226), 'y_pred': tensor([[0.1798, 0.0660, 0.0977],
        [0.2005, 0.0498, 0.0991],
        [0.1859, 0.0583, 0.0913],
        [0.1955, 0.0592, 0.0940],
        [0.1970, 0.0651, 0.0959],
        [0.1888, 0.0565, 0.0887],
        [0.1818, 0.0340, 0.1106],
        [0.1785, 0.0611, 0.0962],
        [0.1782, 0.0416, 0.0919],
        [0.1749, 0.0484, 0.0942],
        [0.1772, 0.0526, 0.1018],
        [0.1746, 0.0556, 0.0874],
        [0.1849, 0.0513, 0.1000],
        [0.1855, 0.0647, 0.0986],
        [0.1735, 0.0534, 0.0944],
        [0.1871, 0.0553, 0.0899]]), 'y_true': tensor([[2],
        [2],
        [2],
        [2],
        [2],
        [2],
        [2],
        [2],
        [2],
        [2],
        [2],
        [2],
        [2],
        [1],
        [1],
        [1]]), 'task_name': 'smsa_doc_sentiment_prosa', 'task_type': 'classification', 'inference_time': 0.015045599937438965}, {'predict_loss': tensor(1.1532), 'y_pred': tensor([[0.1897, 0.0499, 0.0907],
        [0.1413, 0.0257, 0.1099],
        [0.1707, 0.0425, 0.0837],
        [0.1722, 0.0564, 0.0849],
        [0.1655, 0.0468, 0.0938],
        [0.1734, 0.0335, 0.0889],
        [0.1542, 0.0429, 0.0635],
        [0.1627, 0.0504, 0.0760],
        [0.1620, 0.0530, 0.0868],
        [0.1324, 0.0029, 0.0404],
        [0.1930, 0.0530, 0.0992],
        [0.1682, 0.0386, 0.0869],
        [0.1643, 0.0498, 0.0726],
        [0.1631, 0.0535, 0.0660],
        [0.1833, 0.0665, 0.0745],
        [0.1724, 0.0364, 0.0700]]), 'y_true': tensor([[1],
        [1],
        [1],
        [1],
        [1],
        [1],
        [1],
        [1],
        [1],
        [1],
        [1],
        [1],
        [1],
        [1],
        [1],
        [1]]), 'task_name': 'smsa_doc_sentiment_prosa', 'task_type': 'classification', 'inference_time': 0.019606496810913084}, {'predict_loss': tensor(1.1442), 'y_pred': tensor([[0.1847, 0.0871, 0.0693],
        [0.1821, 0.0568, 0.0868],
        [0.1810, 0.0596, 0.0752],
        [0.1722, 0.0450, 0.0749],
        [0.1857, 0.0527, 0.0884],
        [0.1819, 0.0566, 0.0828],
        [0.1894, 0.0505, 0.0920],
        [0.1789, 0.0638, 0.0768],
        [0.1835, 0.0577, 0.0965],
        [0.1831, 0.0702, 0.0869],
        [0.1798, 0.0738, 0.0785],
        [0.1747, 0.0817, 0.0886],
        [0.1871, 0.0592, 0.0943],
        [0.1820, 0.0582, 0.0770],
        [0.1906, 0.0770, 0.0922],
        [0.1789, 0.0646, 0.0995]]), 'y_true': tensor([[1],
        [1],
        [1],
        [1],
        [1],
        [1],
        [2],
        [1],
        [1],
        [1],
        [1],
        [1],
        [1],
        [1],
        [1],
        [1]]), 'task_name': 'smsa_doc_sentiment_prosa', 'task_type': 'classification', 'inference_time': 0.01704243278503418}, {'predict_loss': tensor(1.1603), 'y_pred': tensor([[ 0.1777,  0.0584,  0.0821],
        [ 0.1724,  0.0620,  0.0892],
        [ 0.1783,  0.0425,  0.0917],
        [ 0.1912,  0.0654,  0.0851],
        [ 0.1664,  0.0142,  0.1212],
        [ 0.0629, -0.0174,  0.0924],
        [ 0.1795,  0.0585,  0.0819],
        [ 0.1978,  0.0502,  0.0869],
        [ 0.0746, -0.0538,  0.0662],
        [ 0.1679,  0.0129,  0.0852],
        [ 0.1921,  0.0557,  0.0972],
        [ 0.1905,  0.0582,  0.0922],
        [ 0.1912,  0.0590,  0.0935],
        [ 0.1843,  0.0527,  0.0853],
        [ 0.1884,  0.0582,  0.1011],
        [ 0.1998,  0.0604,  0.0905]]), 'y_true': tensor([[1],
        [1],
        [1],
        [1],
        [1],
        [1],
        [1],
        [1],
        [1],
        [1],
        [1],
        [1],
        [1],
        [1],
        [1],
        [1]]), 'task_name': 'smsa_doc_sentiment_prosa', 'task_type': 'classification', 'inference_time': 0.013510656356811524}, {'predict_loss': tensor(1.1499), 'y_pred': tensor([[0.1894, 0.0445, 0.1038],
        [0.1880, 0.0662, 0.0885],
        [0.2015, 0.0614, 0.0945],
        [0.1948, 0.0833, 0.0915],
        [0.1818, 0.0652, 0.0653],
        [0.1735, 0.0610, 0.0899],
        [0.1917, 0.0676, 0.0867],
        [0.1842, 0.0566, 0.0773],
        [0.1747, 0.0556, 0.0820],
        [0.1775, 0.0522, 0.0819],
        [0.1883, 0.0533, 0.0868],
        [0.1850, 0.0526, 0.0928],
        [0.1848, 0.0674, 0.0758],
        [0.1669, 0.0547, 0.0787],
        [0.1860, 0.0509, 0.0787],
        [0.1909, 0.0728, 0.0902]]), 'y_true': tensor([[1],
        [1],
        [1],
        [1],
        [1],
        [1],
        [1],
        [1],
        [1],
        [1],
        [1],
        [1],
        [1],
        [1],
        [1],
        [1]]), 'task_name': 'smsa_doc_sentiment_prosa', 'task_type': 'classification', 'inference_time': 0.016970752716064453}, {'predict_loss': tensor(1.1518), 'y_pred': tensor([[0.1890, 0.0634, 0.0843],
        [0.1919, 0.0701, 0.1025],
        [0.1673, 0.0474, 0.0813],
        [0.1947, 0.0616, 0.0877],
        [0.1866, 0.0588, 0.1084],
        [0.1805, 0.0625, 0.0787],
        [0.1709, 0.0561, 0.0650],
        [0.1794, 0.0535, 0.0819],
        [0.1789, 0.0483, 0.0763],
        [0.1265, 0.0170, 0.0798],
        [0.1795, 0.0496, 0.0803],
        [0.1885, 0.0688, 0.0859],
        [0.1759, 0.0462, 0.0819],
        [0.1704, 0.0555, 0.0776],
        [0.1723, 0.0496, 0.0804],
        [0.1927, 0.0521, 0.1094]]), 'y_true': tensor([[1],
        [1],
        [1],
        [1],
        [1],
        [1],
        [1],
        [1],
        [1],
        [1],
        [1],
        [1],
        [1],
        [1],
        [1],
        [1]]), 'task_name': 'smsa_doc_sentiment_prosa', 'task_type': 'classification', 'inference_time': 0.014214143753051758}, {'predict_loss': tensor(1.1633), 'y_pred': tensor([[0.1837, 0.0526, 0.1024],
        [0.1724, 0.0405, 0.0816],
        [0.1880, 0.0498, 0.0823],
        [0.1887, 0.0196, 0.1305],
        [0.1901, 0.0274, 0.0881],
        [0.1798, 0.0277, 0.0863],
        [0.1980, 0.0492, 0.0814],
        [0.1720, 0.0394, 0.0881],
        [0.1784, 0.0544, 0.0886],
        [0.1920, 0.0531, 0.0892],
        [0.1941, 0.0531, 0.0998],
        [0.1937, 0.0510, 0.1043],
        [0.1574, 0.0268, 0.0811],
        [0.1863, 0.0430, 0.0971],
        [0.1867, 0.0397, 0.0918],
        [0.1705, 0.0602, 0.0716]]), 'y_true': tensor([[1],
        [1],
        [1],
        [1],
        [1],
        [1],
        [1],
        [1],
        [1],
        [1],
        [1],
        [1],
        [1],
        [1],
        [1],
        [1]]), 'task_name': 'smsa_doc_sentiment_prosa', 'task_type': 'classification', 'inference_time': 0.013744128227233888}, {'predict_loss': tensor(1.1568), 'y_pred': tensor([[ 0.1760,  0.0487,  0.0728],
        [ 0.1919,  0.0506,  0.0879],
        [ 0.1807,  0.0552,  0.0889],
        [ 0.1918,  0.0625,  0.0965],
        [ 0.1872,  0.0544,  0.0840],
        [ 0.1914,  0.0541,  0.1004],
        [ 0.1535, -0.0010,  0.0958],
        [ 0.1753,  0.0425,  0.0965],
        [ 0.1713,  0.0497,  0.0834],
        [ 0.1652,  0.0642,  0.0890],
        [ 0.1730,  0.0452,  0.0845],
        [ 0.1746,  0.0390,  0.1041],
        [ 0.1762,  0.0524,  0.0785],
        [ 0.1671,  0.0524,  0.0778],
        [ 0.1516, -0.0004,  0.0366],
        [ 0.1817,  0.0564,  0.0856]]), 'y_true': tensor([[1],
        [1],
        [1],
        [1],
        [1],
        [1],
        [1],
        [1],
        [1],
        [1],
        [1],
        [1],
        [1],
        [1],
        [1],
        [1]]), 'task_name': 'smsa_doc_sentiment_prosa', 'task_type': 'classification', 'inference_time': 0.013799360275268555}, {'predict_loss': tensor(1.1122), 'y_pred': tensor([[0.1704, 0.0926, 0.0490],
        [0.1857, 0.0720, 0.0941],
        [0.1817, 0.0572, 0.0974],
        [0.1806, 0.0393, 0.0867],
        [0.1973, 0.0395, 0.0894],
        [0.1833, 0.0465, 0.0870],
        [0.1800, 0.0522, 0.0831],
        [0.1535, 0.0262, 0.0811],
        [0.1736, 0.0575, 0.0858],
        [0.1743, 0.0177, 0.0829],
        [0.1756, 0.0491, 0.0920],
        [0.1900, 0.0637, 0.0881],
        [0.1832, 0.0576, 0.1053],
        [0.1833, 0.0656, 0.0911],
        [0.1476, 0.0307, 0.0685],
        [0.2114, 0.0609, 0.1339]]), 'y_true': tensor([[1],
        [1],
        [1],
        [1],
        [1],
        [1],
        [1],
        [1],
        [1],
        [1],
        [0],
        [0],
        [0],
        [0],
        [2],
        [0]]), 'task_name': 'smsa_doc_sentiment_prosa', 'task_type': 'classification', 'inference_time': 0.055288833618164064}, {'predict_loss': tensor(1.0331), 'y_pred': tensor([[0.1729, 0.0604, 0.0919],
        [0.1803, 0.0638, 0.0844],
        [0.1803, 0.0608, 0.0890],
        [0.1810, 0.0380, 0.0989],
        [0.1892, 0.0723, 0.0838],
        [0.1824, 0.0601, 0.0926],
        [0.1872, 0.0698, 0.0819],
        [0.1893, 0.0803, 0.0935],
        [0.1819, 0.0656, 0.0794],
        [0.1598, 0.0366, 0.1103],
        [0.1824, 0.0645, 0.0964],
        [0.1890, 0.0618, 0.0876],
        [0.1916, 0.0629, 0.0943],
        [0.1765, 0.0481, 0.0904],
        [0.1911, 0.0469, 0.1044],
        [0.1906, 0.0378, 0.0812]]), 'y_true': tensor([[0],
        [0],
        [0],
        [2],
        [0],
        [0],
        [0],
        [0],
        [0],
        [0],
        [0],
        [0],
        [0],
        [0],
        [0],
        [0]]), 'task_name': 'smsa_doc_sentiment_prosa', 'task_type': 'classification', 'inference_time': 0.013649920463562011}, {'predict_loss': tensor(1.0394), 'y_pred': tensor([[0.1834, 0.0692, 0.1008],
        [0.1863, 0.0500, 0.0844],
        [0.1893, 0.0647, 0.0907],
        [0.1839, 0.0475, 0.0887],
        [0.1918, 0.0553, 0.1053],
        [0.1988, 0.0650, 0.0857],
        [0.1863, 0.0659, 0.0924],
        [0.2358, 0.0442, 0.1294],
        [0.1806, 0.0318, 0.0847],
        [0.1854, 0.0587, 0.0878],
        [0.1851, 0.0514, 0.0835],
        [0.1838, 0.0538, 0.1019],
        [0.1852, 0.0550, 0.0846],
        [0.2027, 0.0536, 0.1048],
        [0.1913, 0.0638, 0.0879],
        [0.1718, 0.0545, 0.0728]]), 'y_true': tensor([[1],
        [0],
        [0],
        [0],
        [0],
        [0],
        [0],
        [0],
        [0],
        [0],
        [0],
        [0],
        [0],
        [1],
        [0],
        [0]]), 'task_name': 'smsa_doc_sentiment_prosa', 'task_type': 'classification', 'inference_time': 0.016143360137939454}, {'predict_loss': tensor(1.0557), 'y_pred': tensor([[0.1901, 0.0600, 0.0774],
        [0.1985, 0.0641, 0.0861],
        [0.1891, 0.0832, 0.0857],
        [0.1764, 0.0750, 0.0844],
        [0.1875, 0.0609, 0.0749],
        [0.1941, 0.0634, 0.0941],
        [0.1709, 0.0433, 0.0920],
        [0.1670, 0.0641, 0.0844],
        [0.1984, 0.0597, 0.0962],
        [0.1935, 0.0582, 0.0884],
        [0.1898, 0.0599, 0.0906],
        [0.1971, 0.0601, 0.0876],
        [0.1676, 0.0531, 0.0790],
        [0.1707, 0.0653, 0.0920],
        [0.1961, 0.0454, 0.0936],
        [0.2012, 0.0397, 0.1113]]), 'y_true': tensor([[1],
        [0],
        [0],
        [0],
        [0],
        [0],
        [0],
        [0],
        [0],
        [0],
        [0],
        [0],
        [2],
        [2],
        [2],
        [2]]), 'task_name': 'smsa_doc_sentiment_prosa', 'task_type': 'classification', 'inference_time': 0.030666751861572264}, {'predict_loss': tensor(1.1199), 'y_pred': tensor([[0.1841, 0.0384, 0.0855],
        [0.2041, 0.0625, 0.1005],
        [0.1900, 0.0517, 0.1015],
        [0.1795, 0.0530, 0.0753],
        [0.1744, 0.0181, 0.1061],
        [0.2060, 0.0439, 0.0881],
        [0.1983, 0.0596, 0.0846],
        [0.1828, 0.0547, 0.0937],
        [0.1896, 0.0609, 0.0977],
        [0.1803, 0.0545, 0.1033],
        [0.1876, 0.0411, 0.0934],
        [0.1834, 0.0576, 0.0939],
        [0.1909, 0.0536, 0.0779],
        [0.1691, 0.0617, 0.0660],
        [0.1806, 0.0591, 0.0891],
        [0.1764, 0.0552, 0.0748]]), 'y_true': tensor([[2],
        [2],
        [2],
        [2],
        [2],
        [2],
        [2],
        [2],
        [2],
        [2],
        [2],
        [2],
        [2],
        [2],
        [2],
        [2]]), 'task_name': 'smsa_doc_sentiment_prosa', 'task_type': 'classification', 'inference_time': 0.011964384078979493}, {'predict_loss': tensor(1.1192), 'y_pred': tensor([[ 0.2025,  0.0366,  0.0913],
        [ 0.1998,  0.0741,  0.0924],
        [ 0.1782,  0.0295,  0.0885],
        [ 0.1809,  0.0647,  0.0813],
        [ 0.1885,  0.0667,  0.0737],
        [ 0.1895,  0.0559,  0.0901],
        [ 0.1990,  0.0582,  0.0935],
        [ 0.1766,  0.0501,  0.0813],
        [ 0.1808,  0.0693,  0.1475],
        [ 0.1948,  0.0528,  0.0949],
        [ 0.1834,  0.0549,  0.0936],
        [ 0.1765,  0.0584,  0.1024],
        [ 0.1847, -0.0057,  0.0727],
        [ 0.1823,  0.0656,  0.0857],
        [ 0.1547,  0.0459,  0.0735],
        [ 0.1816,  0.0504,  0.0735]]), 'y_true': tensor([[2],
        [2],
        [2],
        [2],
        [2],
        [2],
        [2],
        [2],
        [2],
        [2],
        [2],
        [2],
        [2],
        [2],
        [2],
        [2]]), 'task_name': 'smsa_doc_sentiment_prosa', 'task_type': 'classification', 'inference_time': 0.008666111946105956}, {'predict_loss': tensor(1.1125), 'y_pred': tensor([[0.2000, 0.0573, 0.0887],
        [0.1803, 0.0428, 0.0726],
        [0.1982, 0.0531, 0.0888],
        [0.1766, 0.0137, 0.1207],
        [0.1854, 0.0466, 0.0958],
        [0.1791, 0.0463, 0.1150],
        [0.1718, 0.0303, 0.1031],
        [0.1798, 0.0579, 0.0789],
        [0.1812, 0.0487, 0.0764],
        [0.1802, 0.0415, 0.0835],
        [0.1958, 0.0646, 0.1152],
        [0.1756, 0.0425, 0.0877],
        [0.1943, 0.0419, 0.1051],
        [0.1703, 0.0464, 0.0927],
        [0.1780, 0.0653, 0.1393],
        [0.1760, 0.0567, 0.0826]]), 'y_true': tensor([[2],
        [2],
        [2],
        [2],
        [2],
        [2],
        [2],
        [2],
        [2],
        [2],
        [2],
        [2],
        [2],
        [2],
        [2],
        [2]]), 'task_name': 'smsa_doc_sentiment_prosa', 'task_type': 'classification', 'inference_time': 0.011767807960510255}, {'predict_loss': tensor(1.1193), 'y_pred': tensor([[0.1928, 0.0533, 0.0883],
        [0.1920, 0.0511, 0.1125],
        [0.2004, 0.0527, 0.0878],
        [0.1851, 0.0499, 0.0907],
        [0.1877, 0.0375, 0.1041],
        [0.1945, 0.0547, 0.0937],
        [0.1958, 0.0428, 0.0873],
        [0.1993, 0.0552, 0.0854],
        [0.1951, 0.0648, 0.0895],
        [0.1834, 0.0501, 0.1061],
        [0.1952, 0.0721, 0.0937],
        [0.1899, 0.0650, 0.0909],
        [0.1876, 0.0525, 0.0861],
        [0.1881, 0.0622, 0.1099],
        [0.1890, 0.0591, 0.1000],
        [0.1890, 0.0561, 0.0898]]), 'y_true': tensor([[2],
        [2],
        [2],
        [2],
        [2],
        [2],
        [2],
        [2],
        [2],
        [2],
        [2],
        [2],
        [2],
        [2],
        [2],
        [2]]), 'task_name': 'smsa_doc_sentiment_prosa', 'task_type': 'classification', 'inference_time': 0.008272895812988281}, {'predict_loss': tensor(1.1340), 'y_pred': tensor([[0.1966, 0.0496, 0.1037],
        [0.1960, 0.0685, 0.1654],
        [0.1887, 0.0723, 0.0935],
        [0.2141, 0.0890, 0.1303],
        [0.2044, 0.0640, 0.1020],
        [0.1821, 0.0375, 0.1019],
        [0.1809, 0.0606, 0.0929],
        [0.1967, 0.0494, 0.0841],
        [0.1941, 0.0599, 0.0981],
        [0.1903, 0.0598, 0.0975],
        [0.1997, 0.0821, 0.0888],
        [0.1828, 0.0540, 0.0873],
        [0.1702, 0.0607, 0.0721],
        [0.1884, 0.0513, 0.0658],
        [0.1787, 0.0534, 0.0890],
        [0.1894, 0.0608, 0.0909]]), 'y_true': tensor([[2],
        [2],
        [2],
        [2],
        [2],
        [2],
        [2],
        [1],
        [1],
        [1],
        [1],
        [1],
        [1],
        [1],
        [1],
        [1]]), 'task_name': 'smsa_doc_sentiment_prosa', 'task_type': 'classification', 'inference_time': 0.011026432037353515}, {'predict_loss': tensor(1.1541), 'y_pred': tensor([[0.1760, 0.0624, 0.0990],
        [0.1618, 0.0436, 0.0788],
        [0.2038, 0.0607, 0.0646],
        [0.1876, 0.0552, 0.0829],
        [0.1971, 0.0465, 0.0862],
        [0.1975, 0.0748, 0.0961],
        [0.1725, 0.0562, 0.0776],
        [0.1891, 0.0380, 0.1022],
        [0.2081, 0.0804, 0.1107],
        [0.1805, 0.0590, 0.0771],
        [0.1854, 0.0444, 0.0874],
        [0.1825, 0.0565, 0.0836],
        [0.1869, 0.0426, 0.0965],
        [0.1920, 0.0637, 0.0883],
        [0.2086, 0.0734, 0.0814],
        [0.1985, 0.0683, 0.0954]]), 'y_true': tensor([[1],
        [1],
        [1],
        [1],
        [1],
        [1],
        [1],
        [1],
        [1],
        [1],
        [1],
        [1],
        [1],
        [1],
        [1],
        [1]]), 'task_name': 'smsa_doc_sentiment_prosa', 'task_type': 'classification', 'inference_time': 0.01103667163848877}, {'predict_loss': tensor(1.1568), 'y_pred': tensor([[ 0.1898,  0.0610,  0.0937],
        [ 0.1784,  0.0517,  0.0961],
        [ 0.1782,  0.0628,  0.0824],
        [ 0.1817,  0.0668,  0.0711],
        [ 0.1944,  0.0592,  0.1071],
        [ 0.1968,  0.0685,  0.0961],
        [ 0.1921,  0.0560,  0.0990],
        [ 0.1786,  0.0405,  0.0859],
        [ 0.1902,  0.0696,  0.0950],
        [ 0.1835,  0.0368,  0.0791],
        [ 0.1857,  0.0481,  0.0964],
        [ 0.1244, -0.0070,  0.0565],
        [ 0.1823,  0.0537,  0.0915],
        [ 0.1964,  0.0611,  0.0886],
        [ 0.1871,  0.0501,  0.0884],
        [ 0.1924,  0.0418,  0.1003]]), 'y_true': tensor([[1],
        [1],
        [1],
        [1],
        [1],
        [1],
        [1],
        [1],
        [1],
        [1],
        [1],
        [1],
        [1],
        [1],
        [1],
        [1]]), 'task_name': 'smsa_doc_sentiment_prosa', 'task_type': 'classification', 'inference_time': 0.010559488296508789}, {'predict_loss': tensor(1.1542), 'y_pred': tensor([[0.1976, 0.0605, 0.0863],
        [0.1928, 0.0444, 0.0930],
        [0.1875, 0.0599, 0.1023],
        [0.1831, 0.0652, 0.0900],
        [0.1750, 0.0720, 0.0876],
        [0.1892, 0.0525, 0.1460],
        [0.1889, 0.0622, 0.1018],
        [0.1804, 0.0445, 0.0897],
        [0.1914, 0.0598, 0.0948],
        [0.2004, 0.0654, 0.0827],
        [0.1587, 0.0612, 0.0917],
        [0.1853, 0.0649, 0.0932],
        [0.1834, 0.0709, 0.0632],
        [0.2007, 0.0605, 0.1044],
        [0.1944, 0.0397, 0.1119],
        [0.1965, 0.0805, 0.0775]]), 'y_true': tensor([[1],
        [1],
        [1],
        [1],
        [1],
        [1],
        [1],
        [1],
        [1],
        [1],
        [1],
        [1],
        [1],
        [1],
        [1],
        [1]]), 'task_name': 'smsa_doc_sentiment_prosa', 'task_type': 'classification', 'inference_time': 0.009133055686950683}, {'predict_loss': tensor(1.1660), 'y_pred': tensor([[ 0.1715,  0.0237,  0.0971],
        [ 0.1938,  0.0483,  0.1065],
        [ 0.1839,  0.0615,  0.0919],
        [ 0.2387, -0.0055,  0.1380],
        [ 0.1885,  0.0458,  0.1024],
        [ 0.2023,  0.0577,  0.1024],
        [ 0.1740,  0.0352,  0.1032],
        [ 0.1833,  0.0704,  0.1154],
        [ 0.1861,  0.0556,  0.0980],
        [ 0.1940,  0.0674,  0.0796],
        [ 0.1788,  0.0460,  0.0814],
        [ 0.1839,  0.0523,  0.1080],
        [ 0.1976,  0.0595,  0.1014],
        [ 0.1964,  0.0533,  0.1140],
        [ 0.1930,  0.0419,  0.0958],
        [ 0.1879,  0.0472,  0.0747]]), 'y_true': tensor([[1],
        [1],
        [1],
        [1],
        [1],
        [1],
        [1],
        [1],
        [1],
        [1],
        [1],
        [1],
        [1],
        [1],
        [1],
        [1]]), 'task_name': 'smsa_doc_sentiment_prosa', 'task_type': 'classification', 'inference_time': 0.007456768035888672}, {'predict_loss': tensor(1.0471), 'y_pred': tensor([[0.1885, 0.0527, 0.1043],
        [0.1744, 0.0445, 0.0951],
        [0.1598, 0.0869, 0.0762],
        [0.1644, 0.0510, 0.0656],
        [0.1855, 0.0401, 0.1033],
        [0.1803, 0.0495, 0.0767],
        [0.1756, 0.0688, 0.0743],
        [0.1894, 0.0689, 0.0921],
        [0.1880, 0.0493, 0.0887],
        [0.1957, 0.0532, 0.0820],
        [0.1784, 0.0006, 0.0759],
        [0.1948, 0.0707, 0.0875],
        [0.1138, 0.0036, 0.0422],
        [0.1846, 0.0427, 0.1061],
        [0.1816, 0.0458, 0.1008],
        [0.1976, 0.0477, 0.0992]]), 'y_true': tensor([[1],
        [1],
        [0],
        [0],
        [0],
        [0],
        [0],
        [0],
        [0],
        [0],
        [0],
        [0],
        [2],
        [0],
        [0],
        [0]]), 'task_name': 'smsa_doc_sentiment_prosa', 'task_type': 'classification', 'inference_time': 0.006895616054534912}, {'predict_loss': tensor(1.0345), 'y_pred': tensor([[0.1910, 0.0468, 0.0707],
        [0.1834, 0.0677, 0.1005],
        [0.1904, 0.0501, 0.0962],
        [0.1809, 0.0474, 0.1250],
        [0.2001, 0.0605, 0.1092],
        [0.1795, 0.0718, 0.0707],
        [0.2020, 0.0632, 0.1056],
        [0.1680, 0.0562, 0.0855],
        [0.1988, 0.0469, 0.0848],
        [0.1946, 0.0405, 0.0999],
        [0.1686, 0.0543, 0.0864],
        [0.1914, 0.0688, 0.1022],
        [0.1713, 0.0390, 0.0941],
        [0.1925, 0.0748, 0.1015],
        [0.1837, 0.0550, 0.1000],
        [0.1664, 0.0532, 0.0912]]), 'y_true': tensor([[0],
        [0],
        [0],
        [0],
        [0],
        [0],
        [0],
        [0],
        [0],
        [0],
        [0],
        [0],
        [0],
        [1],
        [0],
        [0]]), 'task_name': 'smsa_doc_sentiment_prosa', 'task_type': 'classification', 'inference_time': 0.00870911979675293}, {'predict_loss': tensor(1.0565), 'y_pred': tensor([[0.2060, 0.0541, 0.0941],
        [0.1878, 0.0486, 0.0973],
        [0.1875, 0.0631, 0.0961],
        [0.1829, 0.0518, 0.0913],
        [0.1912, 0.0486, 0.0957],
        [0.1810, 0.0660, 0.0986],
        [0.1864, 0.0541, 0.0942],
        [0.2179, 0.0608, 0.0969],
        [0.1893, 0.0628, 0.0831],
        [0.1907, 0.0659, 0.0921],
        [0.1733, 0.0629, 0.1014],
        [0.1743, 0.0615, 0.0857],
        [0.1997, 0.0562, 0.0951],
        [0.1891, 0.0513, 0.0905],
        [0.1992, 0.0716, 0.0997],
        [0.1947, 0.0569, 0.1009]]), 'y_true': tensor([[0],
        [0],
        [1],
        [0],
        [1],
        [0],
        [0],
        [0],
        [1],
        [1],
        [0],
        [0],
        [0],
        [0],
        [0],
        [0]]), 'task_name': 'smsa_doc_sentiment_prosa', 'task_type': 'classification', 'inference_time': 0.009989119529724122}, {'predict_loss': tensor(1.0569), 'y_pred': tensor([[0.2019, 0.0704, 0.1023],
        [0.1926, 0.0655, 0.0852],
        [0.2075, 0.0537, 0.0860],
        [0.2003, 0.0592, 0.0982]]), 'y_true': tensor([[0],
        [0],
        [1],
        [0]]), 'task_name': 'smsa_doc_sentiment_prosa', 'task_type': 'classification', 'inference_time': 0.006272031784057617}]
inference time: [0.017855487823486327, 0.019668960571289064, 0.014660608291625977, 0.02050764846801758, 0.013940735816955567, 0.01843916893005371, 0.010645503997802735, 0.015045599937438965, 0.019606496810913084, 0.01704243278503418, 0.013510656356811524, 0.016970752716064453, 0.014214143753051758, 0.013744128227233888, 0.013799360275268555, 0.055288833618164064, 0.013649920463562011, 0.016143360137939454, 0.030666751861572264, 0.011964384078979493, 0.008666111946105956, 0.011767807960510255, 0.008272895812988281, 0.011026432037353515, 0.01103667163848877, 0.010559488296508789, 0.009133055686950683, 0.007456768035888672, 0.006895616054534912, 0.00870911979675293, 0.009989119529724122, 0.006272031784057617]
datetime: 29/03/2023 18:36:12