MTL_mix2_rev_id_xlmr_emocls_EarlyStopping
ckpt_path: /mnt/big_two/acandri/multitask_nlp/storage/checkpoints/firm-haze-2
model size: 1060.748191833496
number of params: 278066718
number of trainable params: 278066718
average inference time: 0.02748774377504985
nr of epochs: 10
nr of rep: 0
predictions: [{'predict_loss': tensor(6.9873), 'y_pred': tensor([[-0.0792, -0.2011, -0.2163,  0.3509, -0.1335, -0.0268, -0.2911, -0.2067,
         -0.2351, -0.2887, -0.1343, -0.1134, -0.0229, -0.0432, -0.0673, -0.2493,
         -0.0153,  0.0554],
        [-0.2253, -0.2202, -0.0856,  0.3512, -0.2264, -0.1537, -0.4084, -0.1606,
         -0.2834, -0.2822, -0.1903, -0.1434,  0.0578, -0.0785,  0.0577, -0.2429,
         -0.0365,  0.1137],
        [-0.0370, -0.1863, -0.2298,  0.3440, -0.1186,  0.0007, -0.2526, -0.2259,
         -0.2305, -0.2743, -0.1181, -0.1073, -0.0433, -0.0359, -0.1109, -0.2562,
         -0.0131,  0.0342],
        [-0.2943, -0.2667, -0.0793,  0.3050, -0.2128, -0.1852, -0.4340, -0.1883,
         -0.1962, -0.2419, -0.2290, -0.1419,  0.0805, -0.1539,  0.0690, -0.2527,
         -0.0408,  0.1311],
        [-0.1622, -0.2295, -0.1575,  0.3056, -0.1930, -0.1092, -0.3616, -0.2051,
         -0.2385, -0.2682, -0.1940, -0.1275,  0.0031, -0.0857,  0.0144, -0.2360,
         -0.0153,  0.1189],
        [-0.1480, -0.2520, -0.1542,  0.3266, -0.1620, -0.0995, -0.3492, -0.2039,
         -0.2430, -0.2527, -0.1934, -0.1190,  0.0164, -0.0878,  0.0183, -0.2282,
         -0.0262,  0.0998],
        [-0.2326, -0.2207, -0.1037,  0.3003, -0.2246, -0.1671, -0.3865, -0.1922,
         -0.2572, -0.2493, -0.2272, -0.1454,  0.0157, -0.0748,  0.0430, -0.2403,
         -0.0417,  0.1263],
        [-0.1887, -0.2251, -0.1441,  0.3518, -0.1775, -0.1063, -0.3722, -0.1892,
         -0.2381, -0.2762, -0.1884, -0.1187,  0.0135, -0.0801, -0.0042, -0.2579,
         -0.0447,  0.1118],
        [-0.1845, -0.2192, -0.1271,  0.3384, -0.1783, -0.1027, -0.3547, -0.2127,
         -0.2585, -0.2622, -0.1864, -0.1243,  0.0013, -0.0831,  0.0027, -0.2437,
         -0.0163,  0.0949],
        [-0.1307, -0.2286, -0.1630,  0.3367, -0.1634, -0.0729, -0.3194, -0.2051,
         -0.2403, -0.2774, -0.1696, -0.1114, -0.0152, -0.0475, -0.0330, -0.2469,
         -0.0488,  0.0737],
        [-0.2053, -0.2664, -0.1171,  0.3485, -0.1926, -0.1299, -0.3972, -0.1853,
         -0.2223, -0.2560, -0.1865, -0.1091,  0.0156, -0.0731,  0.0316, -0.2410,
         -0.0385,  0.1294],
        [-0.1548, -0.2170, -0.1594,  0.3336, -0.1666, -0.0872, -0.3411, -0.2139,
         -0.2346, -0.2757, -0.1627, -0.1237,  0.0132, -0.0705, -0.0122, -0.2418,
         -0.0317,  0.0825],
        [-0.1684, -0.2011, -0.1603,  0.3221, -0.1689, -0.0953, -0.3680, -0.1972,
         -0.2504, -0.2690, -0.1574, -0.1038, -0.0047, -0.0718, -0.0227, -0.2448,
         -0.0403,  0.0899],
        [-0.2030, -0.2195, -0.1457,  0.3155, -0.2015, -0.1077, -0.3548, -0.2168,
         -0.2476, -0.2619, -0.1969, -0.1348, -0.0010, -0.0687, -0.0056, -0.2437,
         -0.0210,  0.0952],
        [-0.2182, -0.2632, -0.1085,  0.3354, -0.2064, -0.1293, -0.4056, -0.2029,
         -0.2002, -0.2624, -0.1980, -0.1240,  0.0277, -0.0909,  0.0521, -0.2477,
         -0.0381,  0.1108],
        [-0.2219, -0.1959, -0.1297,  0.3102, -0.2091, -0.1213, -0.4021, -0.2063,
         -0.2447, -0.2444, -0.1982, -0.1394,  0.0198, -0.0912,  0.0365, -0.2312,
         -0.0397,  0.1251]]), 'y_true': tensor([[1, 1, 0, 0, 1, 1],
        [1, 1, 0, 1, 1, 1],
        [1, 1, 2, 0, 1, 1],
        [1, 1, 0, 1, 1, 1],
        [1, 1, 0, 1, 1, 1],
        [1, 1, 0, 1, 1, 1],
        [1, 1, 0, 1, 1, 1],
        [1, 1, 0, 1, 1, 1],
        [1, 1, 0, 1, 1, 1],
        [1, 1, 0, 1, 1, 1],
        [1, 1, 0, 1, 1, 1],
        [1, 1, 0, 1, 1, 1],
        [1, 1, 2, 1, 1, 1],
        [1, 1, 2, 1, 1, 1],
        [1, 1, 0, 1, 1, 1],
        [1, 1, 2, 1, 1, 1]]), 'task_name': 'casa_absa-prosa', 'task_type': 'classification', 'inference_time': 0.030187519073486328}, {'predict_loss': tensor(6.5587), 'y_pred': tensor([[-1.6464e-01, -2.1692e-01, -1.6605e-01,  3.2210e-01, -1.7846e-01,
         -8.7765e-02, -3.3699e-01, -1.9875e-01, -2.3696e-01, -2.7974e-01,
         -1.8614e-01, -1.3771e-01, -5.9525e-03, -7.4738e-02, -3.0551e-04,
         -2.3243e-01, -2.8049e-02,  9.8649e-02],
        [-1.5806e-01, -2.3729e-01, -1.3413e-01,  3.5876e-01, -1.8402e-01,
         -9.3157e-02, -3.3679e-01, -2.1120e-01, -2.5228e-01, -2.6351e-01,
         -1.7588e-01, -1.3295e-01,  1.3867e-02, -7.7544e-02,  1.1914e-02,
         -2.5454e-01, -3.6747e-02,  1.0648e-01],
        [-2.3358e-01, -2.0767e-01, -1.1573e-01,  3.2624e-01, -2.1691e-01,
         -1.4556e-01, -4.1535e-01, -1.9417e-01, -2.6592e-01, -2.4436e-01,
         -2.1113e-01, -1.3113e-01,  4.1298e-03, -6.7896e-02,  3.3355e-02,
         -2.2625e-01, -3.9505e-02,  1.4818e-01],
        [-3.4333e-02, -1.9790e-01, -2.3583e-01,  3.5301e-01, -1.2745e-01,
          3.6489e-03, -2.5122e-01, -2.2680e-01, -2.2810e-01, -2.7737e-01,
         -1.1626e-01, -1.0206e-01, -4.5518e-02, -3.4873e-02, -1.1107e-01,
         -2.5880e-01, -1.6986e-02,  2.6967e-02],
        [-6.0994e-02, -1.9539e-01, -2.2162e-01,  3.3490e-01, -1.3153e-01,
         -1.7148e-02, -2.6665e-01, -2.1639e-01, -2.4172e-01, -2.7301e-01,
         -1.3443e-01, -1.1550e-01, -3.6181e-02, -4.5647e-02, -1.1265e-01,
         -2.6234e-01, -1.7481e-02,  3.7564e-02],
        [-1.0780e-01, -2.1570e-01, -1.8826e-01,  3.2253e-01, -1.6405e-01,
         -4.7938e-02, -3.1035e-01, -2.1472e-01, -2.4251e-01, -2.7093e-01,
         -1.3937e-01, -1.1905e-01, -1.7749e-02, -5.4264e-02, -6.1412e-02,
         -2.5406e-01, -1.4553e-02,  6.2505e-02],
        [-1.3290e-01, -2.1662e-01, -1.7774e-01,  3.2704e-01, -1.7450e-01,
         -6.5008e-02, -3.1701e-01, -2.0610e-01, -2.4866e-01, -2.7060e-01,
         -1.5938e-01, -1.2578e-01,  2.5383e-03, -7.8349e-02, -3.9641e-02,
         -2.5102e-01, -1.1468e-02,  7.4647e-02],
        [-1.5271e-01, -2.1264e-01, -1.6673e-01,  3.3157e-01, -2.0226e-01,
         -1.1310e-01, -3.3016e-01, -1.9116e-01, -2.3982e-01, -2.3948e-01,
         -1.9751e-01, -1.4205e-01, -1.5169e-02, -6.4215e-02, -2.1323e-02,
         -2.3652e-01, -2.0932e-02,  6.7857e-02],
        [-2.0104e-01, -2.2916e-01, -1.4593e-01,  3.5692e-01, -1.8752e-01,
         -1.2231e-01, -3.3985e-01, -1.8342e-01, -2.6806e-01, -2.4913e-01,
         -1.9280e-01, -1.3679e-01,  4.5213e-03, -9.6224e-02, -1.8368e-02,
         -2.6623e-01, -4.4704e-02,  9.1930e-02],
        [-1.6436e-01, -2.1479e-01, -1.7291e-01,  3.3145e-01, -1.8021e-01,
         -8.2747e-02, -3.4041e-01, -1.9239e-01, -2.5686e-01, -2.7391e-01,
         -1.7683e-01, -1.3576e-01,  9.7544e-03, -6.8546e-02, -3.2266e-02,
         -2.6217e-01, -2.9872e-02,  9.6774e-02],
        [-8.0756e-02, -2.0680e-01, -2.1151e-01,  3.4652e-01, -1.4940e-01,
         -3.1591e-02, -2.7868e-01, -2.1556e-01, -2.5029e-01, -2.6975e-01,
         -1.4163e-01, -1.1790e-01, -2.5051e-02, -5.3712e-02, -8.2323e-02,
         -2.5568e-01, -1.7455e-02,  5.9955e-02],
        [-1.2271e-01, -2.0672e-01, -1.8722e-01,  3.3673e-01, -1.5548e-01,
         -6.5499e-02, -3.0479e-01, -2.0496e-01, -2.3867e-01, -2.6909e-01,
         -1.6496e-01, -1.3132e-01, -9.9378e-03, -6.9343e-02, -5.3993e-02,
         -2.4828e-01, -1.7437e-02,  6.6357e-02],
        [-9.7263e-02, -2.0024e-01, -2.1307e-01,  3.3018e-01, -1.5950e-01,
         -5.0263e-02, -2.8899e-01, -2.1896e-01, -2.5157e-01, -2.7944e-01,
         -1.4986e-01, -1.1851e-01, -1.7717e-02, -5.3868e-02, -8.6448e-02,
         -2.5116e-01, -1.8719e-02,  6.0600e-02],
        [-2.6671e-01, -2.4664e-01, -9.0884e-02,  3.1798e-01, -2.4281e-01,
         -1.9668e-01, -3.8868e-01, -1.6903e-01, -2.6652e-01, -2.4262e-01,
         -2.2399e-01, -1.4337e-01,  5.3806e-02, -7.3423e-02,  1.8904e-02,
         -2.4114e-01, -5.3635e-02,  1.4826e-01],
        [-3.6830e-02, -1.8988e-01, -2.3920e-01,  3.3652e-01, -1.1810e-01,
          2.3424e-03, -2.4367e-01, -2.2562e-01, -2.2859e-01, -2.6840e-01,
         -1.2194e-01, -1.0600e-01, -4.5722e-02, -3.1462e-02, -1.2052e-01,
         -2.5777e-01, -1.2738e-02,  2.5634e-02],
        [-1.3957e-01, -2.1511e-01, -1.8337e-01,  3.4563e-01, -1.8620e-01,
         -5.4532e-02, -3.2723e-01, -2.2385e-01, -2.4259e-01, -2.8179e-01,
         -1.6520e-01, -1.2640e-01,  4.3061e-04, -5.3296e-02, -3.6587e-02,
         -2.4504e-01, -2.0676e-02,  7.7279e-02]]), 'y_true': tensor([[1, 1, 0, 1, 1, 1],
        [1, 1, 0, 1, 1, 1],
        [1, 1, 2, 1, 1, 1],
        [1, 1, 0, 1, 1, 1],
        [1, 0, 1, 0, 1, 1],
        [1, 2, 1, 1, 1, 1],
        [1, 0, 1, 1, 1, 1],
        [1, 2, 1, 1, 1, 1],
        [0, 0, 1, 1, 1, 1],
        [0, 0, 0, 1, 1, 1],
        [0, 0, 1, 0, 1, 1],
        [1, 0, 1, 1, 1, 1],
        [0, 0, 1, 0, 1, 1],
        [0, 1, 0, 1, 1, 1],
        [0, 0, 1, 1, 1, 1],
        [1, 2, 1, 1, 1, 1]]), 'task_name': 'casa_absa-prosa', 'task_type': 'classification', 'inference_time': 0.03782447814941406}, {'predict_loss': tensor(6.6522), 'y_pred': tensor([[-1.9302e-01, -2.4368e-01, -1.6080e-01,  3.3035e-01, -2.1055e-01,
         -9.0221e-02, -3.7120e-01, -1.9312e-01, -2.3579e-01, -2.9658e-01,
         -1.6107e-01, -1.1277e-01,  2.9893e-02, -9.3615e-02,  3.0227e-03,
         -2.5691e-01, -1.5045e-02,  9.7837e-02],
        [-5.9589e-02, -2.1050e-01, -2.2363e-01,  3.3172e-01, -1.3557e-01,
         -9.4604e-03, -2.7378e-01, -2.2269e-01, -2.2459e-01, -2.8908e-01,
         -1.3155e-01, -1.1572e-01, -4.1229e-02, -4.1012e-02, -9.1274e-02,
         -2.5131e-01, -1.9910e-02,  3.8440e-02],
        [-1.6936e-01, -2.2575e-01, -1.6972e-01,  3.1655e-01, -1.8274e-01,
         -8.8204e-02, -3.4100e-01, -2.0827e-01, -2.5520e-01, -2.8184e-01,
         -1.7899e-01, -1.2252e-01, -1.1613e-03, -7.2140e-02, -9.6297e-03,
         -2.4880e-01, -2.2764e-02,  9.6166e-02],
        [-1.8803e-01, -2.2789e-01, -1.4870e-01,  3.2273e-01, -2.0053e-01,
         -1.2085e-01, -3.6830e-01, -2.0363e-01, -2.4530e-01, -2.7134e-01,
         -1.8471e-01, -1.2749e-01,  2.1357e-02, -7.3446e-02,  2.6366e-04,
         -2.4703e-01, -1.0310e-02,  1.1064e-01],
        [-1.5911e-01, -2.1805e-01, -1.6310e-01,  3.3038e-01, -1.9168e-01,
         -9.3818e-02, -3.5258e-01, -1.9733e-01, -2.4444e-01, -2.6149e-01,
         -1.8545e-01, -1.3593e-01,  3.9607e-03, -6.9426e-02, -2.8025e-02,
         -2.5004e-01, -1.0307e-02,  7.5995e-02],
        [-1.4355e-01, -2.1543e-01, -1.8941e-01,  3.3277e-01, -1.7123e-01,
         -7.1020e-02, -3.2735e-01, -2.1884e-01, -2.4507e-01, -2.7930e-01,
         -1.6572e-01, -1.2357e-01, -1.1246e-02, -5.8602e-02, -3.8875e-02,
         -2.5325e-01, -1.3902e-02,  8.2202e-02],
        [-1.8990e-01, -2.1897e-01, -1.4692e-01,  3.1581e-01, -1.9966e-01,
         -1.1993e-01, -3.5323e-01, -1.8834e-01, -2.4170e-01, -2.7200e-01,
         -2.0066e-01, -1.4959e-01,  1.3202e-02, -7.0702e-02,  7.2704e-03,
         -2.4217e-01, -2.4385e-02,  1.0721e-01],
        [-1.2162e-01, -2.1175e-01, -2.0173e-01,  3.3044e-01, -1.6711e-01,
         -5.4008e-02, -3.0670e-01, -1.9997e-01, -2.4176e-01, -2.8270e-01,
         -1.5630e-01, -1.2052e-01, -2.4203e-02, -5.5193e-02, -5.8068e-02,
         -2.4764e-01, -1.7766e-02,  6.6475e-02],
        [-9.4031e-02, -1.9566e-01, -2.0393e-01,  3.3046e-01, -1.5025e-01,
         -4.0401e-02, -2.9180e-01, -2.0170e-01, -2.4017e-01, -2.8237e-01,
         -1.4457e-01, -1.1683e-01, -3.4977e-02, -5.7927e-02, -7.3225e-02,
         -2.4668e-01, -2.7349e-02,  5.5790e-02],
        [-2.9882e-01, -2.6657e-01, -1.9869e-02,  2.7228e-01, -3.3036e-01,
         -2.2730e-01, -4.3889e-01, -1.4098e-01, -2.8216e-01, -2.1502e-01,
         -2.5135e-01, -1.4528e-01,  9.2027e-02, -1.1936e-01,  8.1646e-02,
         -2.3766e-01, -3.3121e-02,  1.7931e-01],
        [-1.5735e-01, -2.1253e-01, -1.6082e-01,  3.4102e-01, -1.7822e-01,
         -9.8721e-02, -3.2021e-01, -1.7072e-01, -2.6360e-01, -2.7595e-01,
         -1.9400e-01, -1.1863e-01,  9.7414e-03, -7.4802e-02, -3.0664e-02,
         -2.4511e-01, -2.4447e-02,  9.1247e-02],
        [-6.7366e-02, -2.0833e-01, -2.1588e-01,  3.4023e-01, -1.4350e-01,
         -2.5888e-02, -2.7905e-01, -2.1320e-01, -2.3862e-01, -2.8117e-01,
         -1.4560e-01, -1.0063e-01, -2.3968e-02, -5.5301e-02, -7.8405e-02,
         -2.5591e-01, -1.0851e-02,  5.1663e-02],
        [-2.0125e-01, -2.0984e-01, -1.3153e-01,  3.1552e-01, -2.1542e-01,
         -1.1141e-01, -3.7912e-01, -1.7266e-01, -2.5629e-01, -2.4665e-01,
         -2.0794e-01, -1.2426e-01,  1.2397e-02, -1.0291e-01, -1.0994e-02,
         -2.5455e-01, -3.2965e-02,  7.9573e-02],
        [-5.6406e-02, -2.0019e-01, -2.2062e-01,  3.4704e-01, -1.4881e-01,
         -8.7216e-04, -2.6653e-01, -2.1521e-01, -2.3200e-01, -2.8439e-01,
         -1.2309e-01, -1.0543e-01, -3.4820e-02, -3.6224e-02, -8.8090e-02,
         -2.5235e-01, -1.5276e-02,  4.8945e-02],
        [-1.2342e-01, -2.2135e-01, -1.8304e-01,  3.3296e-01, -1.7287e-01,
         -7.1299e-02, -3.1694e-01, -2.0145e-01, -2.1877e-01, -2.6927e-01,
         -1.5857e-01, -1.1494e-01, -4.5280e-03, -6.3731e-02, -3.3793e-02,
         -2.4492e-01, -7.3305e-03,  8.1948e-02],
        [-9.0996e-02, -2.1533e-01, -2.0196e-01,  3.4714e-01, -1.5223e-01,
         -4.0479e-02, -2.9579e-01, -2.0573e-01, -2.0441e-01, -2.5629e-01,
         -1.6125e-01, -1.1999e-01, -3.5321e-02, -5.6955e-02, -5.1577e-02,
         -2.4137e-01, -1.2007e-02,  5.1434e-02]]), 'y_true': tensor([[1, 2, 1, 1, 1, 1],
        [1, 2, 1, 1, 1, 1],
        [1, 2, 1, 1, 1, 1],
        [1, 2, 1, 1, 1, 1],
        [1, 0, 1, 1, 1, 1],
        [1, 2, 1, 1, 1, 1],
        [1, 0, 1, 1, 1, 1],
        [1, 2, 1, 1, 1, 1],
        [1, 1, 1, 1, 1, 0],
        [1, 0, 0, 1, 1, 0],
        [1, 0, 0, 0, 1, 0],
        [1, 1, 1, 1, 1, 2],
        [1, 0, 1, 0, 0, 0],
        [1, 1, 1, 1, 1, 2],
        [1, 1, 1, 1, 1, 2],
        [1, 1, 1, 1, 1, 2]]), 'task_name': 'casa_absa-prosa', 'task_type': 'classification', 'inference_time': 0.030442495346069336}, {'predict_loss': tensor(6.8617), 'y_pred': tensor([[-9.9609e-02, -2.1822e-01, -1.9391e-01,  3.3237e-01, -1.6403e-01,
         -3.8196e-02, -3.1381e-01, -2.2196e-01, -2.3717e-01, -2.8101e-01,
         -1.4466e-01, -1.1640e-01, -1.4279e-02, -5.3101e-02, -8.9559e-02,
         -2.5375e-01, -1.1682e-02,  4.1391e-02],
        [-1.2138e-01, -2.1300e-01, -1.5997e-01,  3.2998e-01, -1.7718e-01,
         -5.1824e-02, -3.2291e-01, -2.0120e-01, -2.3995e-01, -2.6950e-01,
         -1.6034e-01, -1.0502e-01, -1.3302e-02, -7.0749e-02, -3.9707e-02,
         -2.3122e-01, -1.5848e-02,  8.7515e-02],
        [-8.5296e-02, -2.0472e-01, -2.0397e-01,  3.4058e-01, -1.6278e-01,
         -3.5441e-02, -3.0049e-01, -2.1413e-01, -2.4706e-01, -2.7903e-01,
         -1.4190e-01, -1.1779e-01, -1.9227e-02, -5.3548e-02, -7.8677e-02,
         -2.5441e-01, -2.4712e-02,  5.5853e-02],
        [-1.8019e-01, -2.2988e-01, -1.5032e-01,  3.4325e-01, -1.9038e-01,
         -7.9818e-02, -3.6393e-01, -1.9763e-01, -2.5192e-01, -2.7935e-01,
         -1.7548e-01, -9.1405e-02,  1.4363e-02, -8.4175e-02, -1.1366e-03,
         -2.1714e-01, -2.2182e-02,  9.4319e-02],
        [-1.1857e-01, -2.1737e-01, -1.7814e-01,  3.4355e-01, -1.7152e-01,
         -3.5626e-02, -3.3007e-01, -2.1733e-01, -2.6199e-01, -2.8527e-01,
         -1.4832e-01, -1.0681e-01,  6.1304e-03, -6.2329e-02, -4.9247e-02,
         -2.4522e-01, -2.9491e-03,  6.9563e-02],
        [-1.2844e-01, -2.1145e-01, -1.8612e-01,  3.3404e-01, -1.6813e-01,
         -5.6587e-02, -3.1670e-01, -2.1061e-01, -2.4811e-01, -2.7203e-01,
         -1.6011e-01, -1.1471e-01, -1.3094e-02, -6.2770e-02, -5.8233e-02,
         -2.4545e-01, -1.4033e-02,  6.7176e-02],
        [-1.9696e-01, -2.4979e-01, -1.0981e-01,  3.3288e-01, -2.0553e-01,
         -1.0578e-01, -3.9877e-01, -2.0424e-01, -2.6695e-01, -2.7284e-01,
         -1.7879e-01, -8.5295e-02,  3.6202e-02, -9.2731e-02,  2.8085e-02,
         -2.2715e-01,  4.5952e-03,  9.6933e-02],
        [-1.2569e-01, -2.1050e-01, -1.6736e-01,  3.1965e-01, -1.6816e-01,
         -6.2996e-02, -3.3101e-01, -2.1951e-01, -2.5729e-01, -2.8087e-01,
         -1.6374e-01, -9.1501e-02, -6.5334e-03, -6.7510e-02, -3.6238e-02,
         -2.3088e-01, -1.1400e-02,  6.5529e-02],
        [-2.9930e-01, -2.6366e-01, -5.6790e-02,  2.9435e-01, -2.5691e-01,
         -1.9913e-01, -4.6601e-01, -1.8875e-01, -2.7066e-01, -2.6715e-01,
         -2.3264e-01, -1.4267e-01,  6.8215e-02, -1.2007e-01,  1.2741e-01,
         -2.4199e-01, -1.6433e-02,  1.6419e-01],
        [-1.4691e-01, -2.1721e-01, -1.6238e-01,  3.2147e-01, -1.8604e-01,
         -7.0719e-02, -3.3509e-01, -2.0388e-01, -2.6160e-01, -2.7624e-01,
         -1.7041e-01, -9.9243e-02, -2.1862e-03, -7.4455e-02, -3.8591e-02,
         -2.3155e-01, -2.5374e-02,  8.9072e-02],
        [-1.7778e-01, -2.4013e-01, -1.3915e-01,  3.1779e-01, -1.8615e-01,
         -9.3863e-02, -3.7041e-01, -1.9505e-01, -2.3027e-01, -2.6788e-01,
         -1.8126e-01, -1.1001e-01,  1.3042e-02, -8.4657e-02,  1.3695e-02,
         -2.2972e-01, -2.0902e-02,  9.7702e-02],
        [-1.2101e-01, -2.0889e-01, -1.7516e-01,  3.4515e-01, -1.6747e-01,
         -5.6327e-02, -3.2196e-01, -2.1369e-01, -2.5505e-01, -2.7862e-01,
         -1.6271e-01, -1.1576e-01, -7.0521e-03, -5.3620e-02, -4.4879e-02,
         -2.4169e-01, -1.3775e-02,  7.9289e-02],
        [-2.4326e-01, -2.1868e-01, -1.1550e-01,  3.6131e-01, -2.1401e-01,
         -1.2546e-01, -3.8298e-01, -1.6922e-01, -2.4757e-01, -2.5799e-01,
         -2.0088e-01, -1.0932e-01,  3.1571e-02, -1.0233e-01,  5.6678e-02,
         -2.3564e-01,  3.4231e-04,  1.3781e-01],
        [-3.6237e-02, -1.8605e-01, -2.3955e-01,  3.4397e-01, -1.2174e-01,
          8.5632e-03, -2.5253e-01, -2.2113e-01, -2.3261e-01, -2.7737e-01,
         -1.1638e-01, -1.0294e-01, -4.6884e-02, -3.4231e-02, -1.1391e-01,
         -2.5233e-01, -1.2925e-02,  2.9670e-02],
        [-1.4576e-01, -2.1320e-01, -1.6636e-01,  3.7369e-01, -1.7698e-01,
         -7.3014e-02, -3.2048e-01, -2.0088e-01, -2.5844e-01, -2.7870e-01,
         -1.5157e-01, -1.2492e-01, -7.7223e-04, -6.2220e-02, -2.4675e-02,
         -2.5436e-01, -2.9438e-02,  7.2078e-02],
        [-5.7597e-02, -2.1118e-01, -2.2536e-01,  3.3977e-01, -1.4765e-01,
         -2.0563e-03, -2.6561e-01, -2.2887e-01, -2.3982e-01, -2.8125e-01,
         -1.2006e-01, -1.0206e-01, -3.3203e-02, -4.2340e-02, -8.7619e-02,
         -2.5384e-01, -6.4105e-03,  5.3048e-02]]), 'y_true': tensor([[1, 1, 1, 1, 1, 2],
        [1, 1, 1, 1, 1, 2],
        [1, 1, 1, 1, 1, 2],
        [1, 1, 1, 1, 1, 0],
        [1, 1, 1, 1, 1, 2],
        [1, 1, 1, 1, 1, 0],
        [1, 1, 1, 1, 1, 0],
        [1, 1, 1, 1, 1, 0],
        [1, 1, 1, 1, 1, 0],
        [1, 1, 1, 1, 1, 2],
        [1, 1, 1, 1, 1, 2],
        [1, 1, 1, 1, 1, 0],
        [1, 1, 1, 0, 1, 1],
        [1, 1, 1, 2, 1, 1],
        [1, 1, 1, 0, 1, 1],
        [1, 1, 1, 2, 1, 1]]), 'task_name': 'casa_absa-prosa', 'task_type': 'classification', 'inference_time': 0.0271011848449707}, {'predict_loss': tensor(6.8028), 'y_pred': tensor([[-0.0755, -0.2061, -0.2181,  0.3397, -0.1449, -0.0213, -0.2759, -0.2214,
         -0.2421, -0.2818, -0.1197, -0.1020, -0.0244, -0.0399, -0.0898, -0.2528,
         -0.0137,  0.0583],
        [-0.1881, -0.2512, -0.1329,  0.3232, -0.2111, -0.1058, -0.3779, -0.1991,
         -0.2731, -0.2822, -0.1747, -0.1206,  0.0334, -0.0714, -0.0007, -0.2405,
         -0.0240,  0.1374],
        [-0.1331, -0.2248, -0.1788,  0.3376, -0.1789, -0.0770, -0.3369, -0.2152,
         -0.2503, -0.2739, -0.1679, -0.1259, -0.0079, -0.0491, -0.0471, -0.2418,
         -0.0179,  0.0757],
        [-0.0902, -0.2151, -0.2013,  0.3409, -0.1572, -0.0390, -0.3021, -0.2060,
         -0.2463, -0.2959, -0.1378, -0.1095, -0.0091, -0.0767, -0.0705, -0.2449,
         -0.0181,  0.0621],
        [-0.0754, -0.1956, -0.2224,  0.3442, -0.1449, -0.0227, -0.2790, -0.2148,
         -0.2429, -0.2868, -0.1375, -0.1078, -0.0278, -0.0521, -0.0978, -0.2582,
         -0.0140,  0.0526],
        [-0.1342, -0.1985, -0.1645,  0.3544, -0.1717, -0.0577, -0.3383, -0.2112,
         -0.2624, -0.2705, -0.1685, -0.1232,  0.0048, -0.0539, -0.0321, -0.2419,
         -0.0175,  0.0822],
        [-0.2024, -0.2134, -0.1473,  0.3327, -0.2115, -0.1112, -0.3589, -0.1905,
         -0.2489, -0.2615, -0.1793, -0.1279,  0.0211, -0.0659,  0.0067, -0.2429,
         -0.0135,  0.1177],
        [-0.1203, -0.2329, -0.1795,  0.3395, -0.1695, -0.0472, -0.3237, -0.2059,
         -0.2458, -0.2889, -0.1603, -0.1099, -0.0096, -0.0559, -0.0315, -0.2492,
         -0.0111,  0.0743],
        [-0.1244, -0.2004, -0.1918,  0.3436, -0.1591, -0.0527, -0.3039, -0.2003,
         -0.2461, -0.2728, -0.1502, -0.1269, -0.0092, -0.0600, -0.0595, -0.2501,
         -0.0157,  0.0728],
        [-0.1228, -0.1997, -0.1845,  0.3487, -0.1612, -0.0652, -0.3034, -0.2013,
         -0.2430, -0.2741, -0.1610, -0.1251, -0.0034, -0.0638, -0.0607, -0.2564,
         -0.0173,  0.0651],
        [-0.0689, -0.1972, -0.2266,  0.3447, -0.1357, -0.0154, -0.2677, -0.2159,
         -0.2420, -0.2798, -0.1322, -0.1121, -0.0369, -0.0444, -0.0940, -0.2549,
         -0.0088,  0.0492],
        [-0.1768, -0.2035, -0.1655,  0.3553, -0.1467, -0.0931, -0.3388, -0.2022,
         -0.2445, -0.2643, -0.1752, -0.1287,  0.0082, -0.0795, -0.0196, -0.2534,
         -0.0182,  0.0964],
        [-0.2032, -0.2208, -0.1310,  0.3291, -0.1717, -0.1437, -0.3709, -0.1817,
         -0.2666, -0.2678, -0.2182, -0.1407,  0.0280, -0.0821,  0.0055, -0.2432,
         -0.0281,  0.0984],
        [-0.0914, -0.2017, -0.2007,  0.3476, -0.1491, -0.0483, -0.2797, -0.2064,
         -0.2429, -0.2727, -0.1533, -0.1164, -0.0201, -0.0572, -0.0799, -0.2450,
         -0.0193,  0.0545],
        [-0.1530, -0.2143, -0.1701,  0.3455, -0.1828, -0.0862, -0.3181, -0.1909,
         -0.2570, -0.2701, -0.1897, -0.1134, -0.0043, -0.0794, -0.0286, -0.2542,
         -0.0201,  0.0957],
        [-0.1259, -0.2036, -0.1893,  0.3412, -0.1516, -0.0704, -0.3040, -0.1963,
         -0.2537, -0.2794, -0.1678, -0.1278, -0.0024, -0.0690, -0.0617, -0.2431,
         -0.0251,  0.0706]]), 'y_true': tensor([[1, 1, 1, 2, 1, 1],
        [1, 1, 1, 2, 1, 1],
        [1, 1, 1, 0, 1, 1],
        [1, 1, 1, 2, 1, 1],
        [1, 1, 1, 2, 1, 1],
        [1, 1, 1, 2, 1, 1],
        [2, 1, 1, 0, 1, 1],
        [1, 1, 1, 2, 1, 1],
        [1, 1, 1, 0, 1, 1],
        [1, 1, 0, 0, 1, 1],
        [1, 1, 1, 0, 1, 1],
        [1, 0, 0, 0, 0, 1],
        [1, 1, 1, 0, 1, 1],
        [1, 1, 1, 0, 1, 1],
        [1, 1, 1, 0, 1, 1],
        [1, 1, 0, 0, 1, 1]]), 'task_name': 'casa_absa-prosa', 'task_type': 'classification', 'inference_time': 0.053759998321533206}, {'predict_loss': tensor(6.6582), 'y_pred': tensor([[-0.1373, -0.2157, -0.1949,  0.3278, -0.1709, -0.0598, -0.3114, -0.2284,
         -0.2411, -0.2906, -0.1589, -0.1243, -0.0110, -0.0635, -0.0404, -0.2494,
         -0.0268,  0.0813],
        [-0.1161, -0.2058, -0.1993,  0.3552, -0.1544, -0.0470, -0.2950, -0.1998,
         -0.2522, -0.2768, -0.1464, -0.1328, -0.0084, -0.0598, -0.0530, -0.2505,
         -0.0146,  0.0663],
        [-0.1321, -0.2157, -0.1839,  0.3320, -0.1630, -0.0649, -0.3120, -0.2059,
         -0.2611, -0.2743, -0.1694, -0.1275,  0.0018, -0.0776, -0.0492, -0.2481,
         -0.0229,  0.0807],
        [-0.1056, -0.2095, -0.2073,  0.3357, -0.1583, -0.0559, -0.2955, -0.2060,
         -0.2456, -0.2725, -0.1426, -0.1166, -0.0245, -0.0526, -0.0777, -0.2524,
         -0.0157,  0.0604],
        [-0.0887, -0.2162, -0.2114,  0.3265, -0.1411, -0.0471, -0.2945, -0.2211,
         -0.2410, -0.2710, -0.1402, -0.1162, -0.0236, -0.0537, -0.0912, -0.2471,
         -0.0137,  0.0526],
        [-0.1199, -0.2300, -0.1858,  0.3242, -0.1582, -0.0688, -0.2961, -0.2131,
         -0.2371, -0.2647, -0.1641, -0.1283, -0.0025, -0.0622, -0.0633, -0.2522,
         -0.0233,  0.0761],
        [-0.1489, -0.2206, -0.1722,  0.3253, -0.1773, -0.0880, -0.3264, -0.1939,
         -0.2438, -0.2650, -0.1695, -0.1276, -0.0042, -0.0698, -0.0377, -0.2613,
         -0.0209,  0.0844],
        [-0.1251, -0.2139, -0.2028,  0.3314, -0.1486, -0.0545, -0.2970, -0.2058,
         -0.2386, -0.2661, -0.1640, -0.1368, -0.0188, -0.0656, -0.0612, -0.2522,
         -0.0123,  0.0578],
        [-0.1237, -0.2155, -0.2064,  0.3305, -0.1596, -0.0552, -0.3095, -0.2142,
         -0.2324, -0.2713, -0.1493, -0.1293, -0.0140, -0.0554, -0.0657, -0.2518,
         -0.0224,  0.0698],
        [-0.2271, -0.2648, -0.1114,  0.3178, -0.2287, -0.1467, -0.4086, -0.2064,
         -0.2511, -0.2572, -0.1846, -0.1341,  0.0271, -0.1073,  0.0484, -0.2406,
         -0.0269,  0.1329],
        [-0.0996, -0.2233, -0.1832,  0.3446, -0.1609, -0.0355, -0.2983, -0.2205,
         -0.2363, -0.2833, -0.1384, -0.0910, -0.0097, -0.0646, -0.0617, -0.2523,
         -0.0382,  0.0803],
        [-0.1038, -0.2154, -0.2050,  0.3374, -0.1690, -0.0475, -0.2945, -0.2173,
         -0.2364, -0.2838, -0.1508, -0.1213, -0.0249, -0.0557, -0.0703, -0.2532,
         -0.0215,  0.0555],
        [-0.1467, -0.2329, -0.1823,  0.3291, -0.1865, -0.0729, -0.3365, -0.2062,
         -0.2341, -0.2739, -0.1616, -0.1143, -0.0008, -0.0704, -0.0369, -0.2466,
         -0.0312,  0.0834],
        [-0.1189, -0.2289, -0.1831,  0.3316, -0.1664, -0.0692, -0.3071, -0.2127,
         -0.2445, -0.2650, -0.1618, -0.1274, -0.0141, -0.0556, -0.0541, -0.2561,
         -0.0153,  0.0773],
        [-0.1105, -0.2029, -0.2054,  0.3400, -0.1630, -0.0461, -0.2959, -0.2151,
         -0.2319, -0.2688, -0.1561, -0.1272, -0.0269, -0.0461, -0.0675, -0.2542,
         -0.0221,  0.0666],
        [-0.1170, -0.2064, -0.2086,  0.3441, -0.1595, -0.0313, -0.2973, -0.2276,
         -0.2429, -0.2672, -0.1386, -0.1234, -0.0209, -0.0430, -0.0625, -0.2570,
         -0.0144,  0.0614]]), 'y_true': tensor([[0, 1, 1, 1, 1, 1],
        [0, 1, 0, 1, 1, 1],
        [2, 1, 1, 1, 1, 1],
        [0, 1, 1, 0, 1, 1],
        [0, 1, 1, 1, 1, 1],
        [0, 0, 1, 1, 1, 1],
        [0, 0, 1, 1, 1, 1],
        [0, 1, 1, 1, 1, 1],
        [0, 1, 1, 1, 1, 1],
        [0, 1, 1, 1, 1, 1],
        [2, 1, 1, 1, 1, 1],
        [0, 1, 1, 1, 1, 1],
        [2, 1, 1, 1, 1, 1],
        [0, 1, 1, 1, 1, 1],
        [2, 1, 1, 1, 1, 1],
        [2, 1, 1, 1, 1, 1]]), 'task_name': 'casa_absa-prosa', 'task_type': 'classification', 'inference_time': 0.030342144012451173}, {'predict_loss': tensor(6.7116), 'y_pred': tensor([[-9.6601e-02, -1.9758e-01, -2.0535e-01,  3.4940e-01, -1.4846e-01,
         -3.3821e-02, -2.9736e-01, -2.0793e-01, -2.4097e-01, -2.7543e-01,
         -1.3857e-01, -1.1641e-01, -3.1019e-02, -4.2709e-02, -7.6769e-02,
         -2.5107e-01, -1.4486e-02,  5.6846e-02],
        [-1.3368e-01, -2.1661e-01, -1.9248e-01,  3.3979e-01, -1.6275e-01,
         -5.8459e-02, -3.1627e-01, -2.0769e-01, -2.4222e-01, -2.6154e-01,
         -1.6461e-01, -1.2683e-01, -1.4458e-02, -5.8986e-02, -5.3949e-02,
         -2.5609e-01, -1.2613e-02,  7.4118e-02],
        [-2.2275e-01, -2.1640e-01, -1.3292e-01,  3.3032e-01, -2.1105e-01,
         -1.4793e-01, -3.9201e-01, -1.7716e-01, -2.7761e-01, -2.6015e-01,
         -2.0656e-01, -1.4085e-01,  2.2289e-02, -6.6034e-02,  7.2144e-03,
         -2.5175e-01, -3.5776e-02,  1.2510e-01],
        [-1.5789e-01, -2.2306e-01, -1.6917e-01,  3.2967e-01, -1.8526e-01,
         -7.0054e-02, -3.3703e-01, -2.0568e-01, -2.4895e-01, -2.7920e-01,
         -1.6015e-01, -1.1972e-01,  1.8758e-03, -5.4111e-02, -2.5134e-02,
         -2.4088e-01, -1.2734e-02,  8.7474e-02],
        [-1.3285e-01, -2.0519e-01, -1.9370e-01,  3.3265e-01, -1.6441e-01,
         -5.9306e-02, -3.0957e-01, -1.9980e-01, -2.5776e-01, -2.7205e-01,
         -1.6520e-01, -1.2715e-01, -2.4714e-02, -5.4528e-02, -6.2377e-02,
         -2.4998e-01, -1.7947e-02,  7.5856e-02],
        [-3.7740e-02, -1.8575e-01, -2.3725e-01,  3.4198e-01, -1.1923e-01,
          3.7390e-04, -2.5214e-01, -2.2010e-01, -2.2833e-01, -2.7586e-01,
         -1.2056e-01, -1.0989e-01, -5.3026e-02, -3.7181e-02, -1.1322e-01,
         -2.5290e-01, -9.2453e-03,  2.8409e-02],
        [-1.2048e-01, -2.0537e-01, -1.8066e-01,  3.3421e-01, -1.4965e-01,
         -6.3037e-02, -3.0015e-01, -2.0382e-01, -2.4509e-01, -2.6787e-01,
         -1.7737e-01, -1.1747e-01, -1.9496e-02, -6.5960e-02, -5.1048e-02,
         -2.5839e-01, -2.6306e-02,  7.1771e-02],
        [-1.6040e-01, -1.9854e-01, -1.4622e-01,  3.4083e-01, -1.7830e-01,
         -9.3983e-02, -3.4866e-01, -1.9411e-01, -2.5948e-01, -2.6471e-01,
         -1.8213e-01, -1.3393e-01, -1.5046e-02, -6.3735e-02, -3.0399e-02,
         -2.4240e-01, -3.5458e-02,  9.2180e-02],
        [-4.4105e-02, -1.8391e-01, -2.2527e-01,  3.4571e-01, -1.2189e-01,
         -3.7017e-03, -2.5909e-01, -2.2300e-01, -2.3361e-01, -2.7927e-01,
         -1.2757e-01, -1.2199e-01, -4.3976e-02, -3.3959e-02, -1.1310e-01,
         -2.5713e-01, -1.5052e-02,  3.1620e-02],
        [-4.0225e-02, -1.8337e-01, -2.3651e-01,  3.5097e-01, -1.1341e-01,
          3.3948e-03, -2.5104e-01, -2.2658e-01, -2.3280e-01, -2.7792e-01,
         -1.2098e-01, -1.1552e-01, -5.0463e-02, -3.8184e-02, -1.0793e-01,
         -2.5289e-01, -1.1850e-02,  3.0085e-02],
        [-1.8220e-01, -2.1481e-01, -1.3079e-01,  3.4216e-01, -1.5409e-01,
         -1.0186e-01, -3.6421e-01, -2.0400e-01, -2.5005e-01, -2.5634e-01,
         -1.9489e-01, -1.3054e-01,  5.6170e-03, -9.0196e-02, -3.8460e-03,
         -2.5556e-01, -2.4361e-02,  1.1178e-01],
        [-7.6779e-02, -2.0309e-01, -2.0346e-01,  3.3199e-01, -1.3252e-01,
         -2.2404e-02, -2.8779e-01, -2.1997e-01, -2.3825e-01, -2.7629e-01,
         -1.5110e-01, -1.2322e-01, -4.7209e-02, -4.3226e-02, -6.8599e-02,
         -2.5525e-01, -2.0171e-02,  5.4837e-02],
        [-1.3059e-01, -2.0023e-01, -1.8663e-01,  3.1912e-01, -1.5521e-01,
         -5.5717e-02, -3.2350e-01, -2.1143e-01, -2.4687e-01, -2.7925e-01,
         -1.7443e-01, -1.2883e-01, -3.1927e-02, -7.2343e-02, -4.3782e-02,
         -2.5604e-01, -3.5661e-02,  7.2519e-02],
        [-1.7767e-01, -2.3406e-01, -1.4991e-01,  3.4775e-01, -1.8465e-01,
         -1.0166e-01, -3.6066e-01, -2.1545e-01, -2.6386e-01, -2.7153e-01,
         -1.7158e-01, -1.1443e-01,  9.0316e-03, -7.2188e-02, -1.0005e-02,
         -2.4451e-01, -2.7873e-02,  1.0489e-01],
        [-1.0366e-01, -1.9228e-01, -2.0089e-01,  3.5522e-01, -1.4111e-01,
         -3.4997e-02, -2.9245e-01, -2.1678e-01, -2.4487e-01, -2.7046e-01,
         -1.3936e-01, -1.1446e-01, -3.1230e-02, -5.7099e-02, -6.7554e-02,
         -2.5584e-01, -2.2425e-02,  5.4585e-02],
        [-7.4820e-02, -2.0681e-01, -2.1627e-01,  3.4083e-01, -1.2288e-01,
         -1.4608e-02, -2.7228e-01, -2.1875e-01, -2.5496e-01, -2.7011e-01,
         -1.4046e-01, -1.1372e-01, -2.9202e-02, -5.5890e-02, -7.3061e-02,
         -2.5051e-01, -2.6642e-02,  5.8609e-02]]), 'y_true': tensor([[0, 1, 1, 1, 1, 1],
        [2, 1, 1, 1, 1, 1],
        [0, 1, 1, 1, 1, 1],
        [2, 1, 1, 1, 1, 1],
        [1, 0, 1, 1, 0, 1],
        [1, 1, 1, 0, 0, 1],
        [1, 1, 1, 0, 0, 1],
        [1, 1, 1, 1, 0, 1],
        [1, 1, 1, 1, 2, 1],
        [1, 1, 1, 1, 0, 1],
        [1, 1, 1, 1, 2, 1],
        [1, 1, 1, 1, 0, 1],
        [1, 1, 1, 1, 2, 1],
        [1, 1, 1, 1, 0, 1],
        [1, 1, 1, 1, 0, 1],
        [1, 1, 1, 1, 0, 1]]), 'task_name': 'casa_absa-prosa', 'task_type': 'classification', 'inference_time': 0.026265600204467773}, {'predict_loss': tensor(6.7784), 'y_pred': tensor([[-0.1730, -0.2066, -0.1544,  0.3288, -0.1632, -0.0996, -0.3524, -0.2097,
         -0.2602, -0.2640, -0.1865, -0.1193, -0.0156, -0.0633, -0.0244, -0.2495,
         -0.0219,  0.0926],
        [-0.1581, -0.2085, -0.1647,  0.3411, -0.1581, -0.0622, -0.3356, -0.1983,
         -0.2536, -0.2560, -0.1608, -0.1172, -0.0171, -0.0656, -0.0410, -0.2531,
         -0.0185,  0.0891],
        [-0.1697, -0.2228, -0.1503,  0.3388, -0.1798, -0.0877, -0.3464, -0.2199,
         -0.2432, -0.2567, -0.1926, -0.1342, -0.0097, -0.0754, -0.0106, -0.2566,
         -0.0152,  0.0932],
        [-0.1531, -0.2100, -0.1769,  0.3081, -0.1819, -0.0868, -0.3341, -0.2182,
         -0.2395, -0.2627, -0.1743, -0.1290, -0.0110, -0.0805, -0.0463, -0.2520,
         -0.0318,  0.0891],
        [-0.1562, -0.2146, -0.1639,  0.3320, -0.1849, -0.0918, -0.3384, -0.2015,
         -0.2582, -0.2670, -0.1838, -0.1395, -0.0031, -0.0653, -0.0289, -0.2589,
         -0.0207,  0.0933],
        [-0.2217, -0.2252, -0.1268,  0.3292, -0.1740, -0.1073, -0.3855, -0.1940,
         -0.2345, -0.2644, -0.1872, -0.1234,  0.0229, -0.0896,  0.0342, -0.2558,
         -0.0132,  0.1208],
        [-0.1202, -0.2034, -0.2077,  0.3448, -0.1621, -0.0401, -0.3013, -0.2273,
         -0.2506, -0.2859, -0.1467, -0.1150, -0.0210, -0.0455, -0.0542, -0.2484,
         -0.0219,  0.0702],
        [-0.2872, -0.2070, -0.0568,  0.2875, -0.2231, -0.2150, -0.4227, -0.1652,
         -0.2684, -0.2141, -0.2480, -0.1808,  0.0351, -0.1190,  0.0622, -0.2533,
         -0.0659,  0.1552],
        [-0.1041, -0.2031, -0.1991,  0.3542, -0.1626, -0.0384, -0.3118, -0.2195,
         -0.2401, -0.2800, -0.1417, -0.1144, -0.0189, -0.0547, -0.0629, -0.2569,
         -0.0139,  0.0568],
        [-0.0259, -0.1836, -0.2387,  0.3339, -0.1141,  0.0075, -0.2413, -0.2260,
         -0.2289, -0.2750, -0.1210, -0.1092, -0.0494, -0.0362, -0.1217, -0.2517,
         -0.0165,  0.0248],
        [-0.0288, -0.1897, -0.2443,  0.3456, -0.1108,  0.0117, -0.2464, -0.2249,
         -0.2277, -0.2806, -0.1118, -0.1056, -0.0529, -0.0328, -0.1197, -0.2529,
         -0.0095,  0.0237],
        [-0.0330, -0.1849, -0.2336,  0.3448, -0.1195,  0.0031, -0.2507, -0.2283,
         -0.2300, -0.2723, -0.1258, -0.1061, -0.0518, -0.0327, -0.1110, -0.2566,
         -0.0173,  0.0254],
        [-0.0565, -0.1971, -0.2333,  0.3436, -0.1276, -0.0100, -0.2618, -0.2178,
         -0.2398, -0.2886, -0.1336, -0.1163, -0.0325, -0.0435, -0.0933, -0.2582,
         -0.0170,  0.0329],
        [-0.1041, -0.2124, -0.2068,  0.3415, -0.1651, -0.0356, -0.3034, -0.2218,
         -0.2436, -0.2868, -0.1544, -0.1100, -0.0070, -0.0659, -0.0488, -0.2515,
         -0.0200,  0.0625],
        [-0.0435, -0.1915, -0.2256,  0.3410, -0.1220, -0.0060, -0.2618, -0.2159,
         -0.2272, -0.2728, -0.1293, -0.1109, -0.0383, -0.0418, -0.1026, -0.2530,
         -0.0159,  0.0306],
        [-0.0248, -0.1931, -0.2363,  0.3347, -0.1124,  0.0102, -0.2510, -0.2256,
         -0.2260, -0.2800, -0.1121, -0.0993, -0.0403, -0.0377, -0.1180, -0.2510,
         -0.0143,  0.0233]]), 'y_true': tensor([[1, 1, 1, 1, 0, 1],
        [1, 1, 1, 1, 2, 1],
        [1, 1, 2, 1, 2, 1],
        [1, 1, 1, 1, 2, 1],
        [1, 1, 0, 1, 0, 1],
        [1, 1, 1, 1, 2, 1],
        [1, 1, 1, 1, 2, 1],
        [1, 1, 0, 1, 0, 1],
        [1, 1, 1, 2, 1, 1],
        [1, 0, 1, 0, 1, 0],
        [1, 1, 1, 1, 2, 1],
        [1, 1, 1, 0, 1, 1],
        [1, 1, 0, 1, 1, 1],
        [1, 1, 1, 0, 1, 1],
        [1, 1, 2, 1, 1, 1],
        [2, 1, 1, 1, 1, 1]]), 'task_name': 'casa_absa-prosa', 'task_type': 'classification', 'inference_time': 0.018493440628051756}, {'predict_loss': tensor(6.5705), 'y_pred': tensor([[-1.3530e-01, -2.0066e-01, -1.8338e-01,  3.2336e-01, -1.6999e-01,
         -7.1300e-02, -3.1570e-01, -1.8923e-01, -2.4469e-01, -2.7216e-01,
         -1.6180e-01, -1.2428e-01, -1.0569e-03, -8.1708e-02, -3.6197e-02,
         -2.4722e-01, -2.3817e-02,  6.8998e-02],
        [-9.8283e-02, -2.0817e-01, -2.0456e-01,  3.3177e-01, -1.4331e-01,
         -4.1630e-02, -2.9257e-01, -2.1545e-01, -2.4267e-01, -2.7203e-01,
         -1.5192e-01, -1.2301e-01, -1.8130e-02, -5.6503e-02, -6.7213e-02,
         -2.5011e-01, -1.8768e-02,  6.4454e-02],
        [-3.9565e-02, -1.9128e-01, -2.3090e-01,  3.4344e-01, -1.2252e-01,
         -5.0956e-03, -2.5328e-01, -2.2209e-01, -2.3019e-01, -2.7584e-01,
         -1.2493e-01, -1.1021e-01, -4.3408e-02, -4.0312e-02, -1.0545e-01,
         -2.5392e-01, -1.2457e-02,  2.8884e-02],
        [-8.3057e-02, -2.0083e-01, -2.1663e-01,  3.2898e-01, -1.4313e-01,
         -2.7694e-02, -2.9003e-01, -2.1570e-01, -2.4530e-01, -2.7621e-01,
         -1.3770e-01, -1.2292e-01, -1.8544e-02, -5.4792e-02, -7.8961e-02,
         -2.5795e-01, -1.5050e-02,  4.8506e-02],
        [-5.7612e-02, -2.0368e-01, -2.2872e-01,  3.3325e-01, -1.2790e-01,
         -1.1872e-02, -2.7054e-01, -2.3071e-01, -2.3476e-01, -2.7043e-01,
         -1.3355e-01, -1.1938e-01, -3.7760e-02, -3.0584e-02, -8.9448e-02,
         -2.5503e-01, -1.2895e-02,  4.2473e-02],
        [-2.8893e-02, -1.9290e-01, -2.4008e-01,  3.4077e-01, -1.1648e-01,
          8.7999e-03, -2.4101e-01, -2.2744e-01, -2.3484e-01, -2.7246e-01,
         -1.1507e-01, -1.0523e-01, -4.8911e-02, -2.7160e-02, -1.2645e-01,
         -2.5628e-01, -1.2537e-02,  2.5449e-02],
        [-3.9982e-02, -1.8855e-01, -2.3321e-01,  3.3446e-01, -1.1884e-01,
         -5.1400e-03, -2.5582e-01, -2.1931e-01, -2.2591e-01, -2.7074e-01,
         -1.2498e-01, -1.0989e-01, -4.4923e-02, -3.5338e-02, -1.0876e-01,
         -2.5407e-01, -1.3034e-02,  3.2544e-02],
        [-3.8165e-02, -1.8789e-01, -2.3443e-01,  3.4218e-01, -1.1158e-01,
          5.1536e-03, -2.5332e-01, -2.2233e-01, -2.2526e-01, -2.8383e-01,
         -1.1189e-01, -1.0500e-01, -4.8569e-02, -4.5104e-02, -1.1160e-01,
         -2.5815e-01, -1.2212e-02,  2.5988e-02],
        [-1.0070e-01, -2.0849e-01, -2.0137e-01,  3.3561e-01, -1.4282e-01,
         -3.9714e-02, -2.9246e-01, -2.0049e-01, -2.4269e-01, -2.7178e-01,
         -1.4775e-01, -1.2253e-01, -1.1698e-02, -6.9165e-02, -6.9792e-02,
         -2.5146e-01, -1.9595e-02,  4.9438e-02],
        [-3.2764e-02, -1.8562e-01, -2.3759e-01,  3.4119e-01, -1.1991e-01,
          8.7802e-03, -2.5105e-01, -2.2631e-01, -2.3050e-01, -2.8329e-01,
         -1.1628e-01, -1.0341e-01, -4.5132e-02, -3.4617e-02, -1.1041e-01,
         -2.5463e-01, -1.1977e-02,  2.8755e-02],
        [-9.0458e-02, -2.0593e-01, -2.2165e-01,  3.4108e-01, -1.4290e-01,
         -2.2446e-02, -2.9053e-01, -2.1537e-01, -2.4229e-01, -2.8370e-01,
         -1.3592e-01, -1.1611e-01, -2.6784e-02, -5.1678e-02, -8.3129e-02,
         -2.5066e-01, -1.4686e-02,  5.0968e-02],
        [-4.2790e-02, -1.9000e-01, -2.4013e-01,  3.4049e-01, -1.1470e-01,
          1.7819e-04, -2.5516e-01, -2.2447e-01, -2.3162e-01, -2.8631e-01,
         -1.2022e-01, -1.0791e-01, -4.8774e-02, -3.6717e-02, -1.1760e-01,
         -2.5373e-01, -1.5661e-02,  2.7069e-02],
        [-5.2086e-02, -1.9091e-01, -2.3071e-01,  3.3583e-01, -1.2538e-01,
         -7.2572e-03, -2.6632e-01, -2.2732e-01, -2.4103e-01, -2.7946e-01,
         -1.2964e-01, -1.1521e-01, -4.2891e-02, -4.1922e-02, -9.3567e-02,
         -2.5370e-01, -1.8135e-02,  4.0812e-02],
        [-2.6039e-02, -1.8781e-01, -2.3907e-01,  3.4033e-01, -1.1677e-01,
          1.1304e-02, -2.4766e-01, -2.2576e-01, -2.2661e-01, -2.8367e-01,
         -1.1758e-01, -9.8960e-02, -5.2100e-02, -3.3328e-02, -1.2099e-01,
         -2.5609e-01, -1.2710e-02,  2.4358e-02],
        [-4.2202e-02, -1.9282e-01, -2.2788e-01,  3.3594e-01, -1.2021e-01,
         -4.6597e-03, -2.6227e-01, -2.2515e-01, -2.2810e-01, -2.6918e-01,
         -1.2545e-01, -1.0394e-01, -4.1856e-02, -3.9771e-02, -1.0427e-01,
         -2.4791e-01, -1.3343e-02,  2.9577e-02],
        [-3.2873e-02, -1.8840e-01, -2.3272e-01,  3.4344e-01, -1.2274e-01,
          5.3185e-03, -2.5213e-01, -2.2509e-01, -2.3207e-01, -2.7427e-01,
         -1.2159e-01, -1.0681e-01, -4.2332e-02, -3.4216e-02, -1.0973e-01,
         -2.5608e-01, -1.0818e-02,  2.5800e-02]]), 'y_true': tensor([[1, 1, 1, 2, 1, 1],
        [1, 0, 1, 0, 1, 1],
        [1, 1, 1, 2, 1, 1],
        [1, 0, 1, 1, 1, 1],
        [1, 0, 1, 1, 1, 1],
        [1, 0, 0, 1, 1, 1],
        [1, 1, 2, 1, 1, 1],
        [1, 1, 0, 1, 1, 1],
        [1, 0, 1, 1, 1, 1],
        [1, 1, 1, 0, 1, 1],
        [1, 0, 1, 0, 1, 1],
        [1, 1, 0, 1, 1, 1],
        [1, 1, 0, 0, 1, 1],
        [1, 2, 1, 1, 1, 1],
        [1, 1, 2, 1, 1, 1],
        [1, 1, 1, 2, 1, 1]]), 'task_name': 'casa_absa-prosa', 'task_type': 'classification', 'inference_time': 0.02517196846008301}, {'predict_loss': tensor(6.6925), 'y_pred': tensor([[-0.0427, -0.1908, -0.2352,  0.3313, -0.1208, -0.0007, -0.2540, -0.2164,
         -0.2299, -0.2797, -0.1203, -0.1077, -0.0422, -0.0476, -0.1155, -0.2571,
         -0.0170,  0.0222],
        [-0.0244, -0.1861, -0.2397,  0.3416, -0.1112,  0.0103, -0.2458, -0.2286,
         -0.2277, -0.2702, -0.1155, -0.1091, -0.0484, -0.0345, -0.1172, -0.2594,
         -0.0140,  0.0192],
        [-0.0429, -0.1905, -0.2338,  0.3373, -0.1218, -0.0020, -0.2557, -0.2200,
         -0.2305, -0.2743, -0.1216, -0.1120, -0.0428, -0.0354, -0.1082, -0.2555,
         -0.0136,  0.0270],
        [-0.0261, -0.1875, -0.2402,  0.3510, -0.1115,  0.0093, -0.2416, -0.2274,
         -0.2313, -0.2794, -0.1093, -0.1030, -0.0504, -0.0382, -0.1194, -0.2631,
         -0.0133,  0.0204],
        [-0.0467, -0.1930, -0.2305,  0.3346, -0.1188, -0.0049, -0.2560, -0.2313,
         -0.2316, -0.2761, -0.1284, -0.1126, -0.0381, -0.0322, -0.1077, -0.2540,
         -0.0151,  0.0273],
        [-0.0433, -0.1885, -0.2311,  0.3369, -0.1207,  0.0036, -0.2571, -0.2248,
         -0.2355, -0.2790, -0.1220, -0.1092, -0.0407, -0.0393, -0.1101, -0.2545,
         -0.0110,  0.0250],
        [-0.0311, -0.1936, -0.2373,  0.3462, -0.1072,  0.0039, -0.2525, -0.2305,
         -0.2274, -0.2816, -0.1140, -0.1046, -0.0504, -0.0310, -0.1147, -0.2572,
         -0.0110,  0.0257],
        [-0.0428, -0.1976, -0.2305,  0.3368, -0.1223, -0.0035, -0.2575, -0.2267,
         -0.2260, -0.2670, -0.1229, -0.1087, -0.0399, -0.0408, -0.1066, -0.2570,
         -0.0170,  0.0281],
        [-0.0253, -0.1888, -0.2363,  0.3395, -0.1153,  0.0037, -0.2554, -0.2225,
         -0.2267, -0.2778, -0.1123, -0.0981, -0.0492, -0.0365, -0.1163, -0.2619,
         -0.0191,  0.0202],
        [-0.0339, -0.1935, -0.2460,  0.3421, -0.1116,  0.0095, -0.2476, -0.2330,
         -0.2292, -0.2841, -0.1169, -0.1039, -0.0532, -0.0292, -0.1088, -0.2567,
         -0.0072,  0.0268],
        [-0.0519, -0.1937, -0.2237,  0.3313, -0.1186, -0.0077, -0.2611, -0.2246,
         -0.2232, -0.2720, -0.1320, -0.1158, -0.0367, -0.0464, -0.0978, -0.2558,
         -0.0138,  0.0279],
        [-0.0866, -0.1967, -0.2095,  0.3324, -0.1432, -0.0201, -0.2825, -0.2233,
         -0.2370, -0.2745, -0.1352, -0.1123, -0.0293, -0.0488, -0.0736, -0.2505,
         -0.0187,  0.0544],
        [-0.0469, -0.1870, -0.2328,  0.3330, -0.1260, -0.0021, -0.2587, -0.2224,
         -0.2259, -0.2729, -0.1281, -0.1140, -0.0450, -0.0416, -0.1048, -0.2533,
         -0.0122,  0.0301],
        [-0.0388, -0.1885, -0.2297,  0.3387, -0.1171, -0.0030, -0.2610, -0.2157,
         -0.2238, -0.2727, -0.1219, -0.1121, -0.0455, -0.0394, -0.1136, -0.2580,
         -0.0182,  0.0237],
        [-0.0326, -0.1864, -0.2438,  0.3364, -0.1108,  0.0056, -0.2429, -0.2212,
         -0.2260, -0.2829, -0.1197, -0.1060, -0.0479, -0.0374, -0.1220, -0.2572,
         -0.0093,  0.0255],
        [-0.0795, -0.1984, -0.2229,  0.3459, -0.1323, -0.0184, -0.2829, -0.2272,
         -0.2390, -0.2891, -0.1409, -0.1157, -0.0355, -0.0458, -0.0897, -0.2448,
         -0.0103,  0.0544]]), 'y_true': tensor([[1, 1, 0, 1, 1, 1],
        [1, 1, 0, 1, 1, 1],
        [1, 0, 1, 0, 1, 1],
        [1, 1, 0, 1, 1, 1],
        [2, 1, 1, 1, 1, 1],
        [1, 1, 1, 0, 1, 1],
        [1, 1, 0, 1, 1, 1],
        [1, 1, 0, 1, 1, 1],
        [1, 1, 1, 0, 1, 1],
        [1, 1, 0, 1, 1, 1],
        [1, 1, 1, 2, 1, 1],
        [1, 1, 1, 0, 2, 1],
        [1, 1, 2, 1, 1, 1],
        [1, 2, 1, 1, 1, 1],
        [1, 0, 1, 1, 1, 1],
        [1, 1, 0, 1, 1, 1]]), 'task_name': 'casa_absa-prosa', 'task_type': 'classification', 'inference_time': 0.018795520782470702}, {'predict_loss': tensor(6.6588), 'y_pred': tensor([[-0.0193, -0.1818, -0.2381,  0.3495, -0.1105,  0.0112, -0.2432, -0.2234,
         -0.2287, -0.2791, -0.1150, -0.0991, -0.0489, -0.0275, -0.1166, -0.2582,
         -0.0169,  0.0252],
        [-0.0511, -0.1945, -0.2260,  0.3433, -0.1182, -0.0026, -0.2593, -0.2251,
         -0.2333, -0.2825, -0.1225, -0.1040, -0.0398, -0.0392, -0.0911, -0.2548,
         -0.0139,  0.0323],
        [-0.0794, -0.2180, -0.2113,  0.3320, -0.1363, -0.0293, -0.2911, -0.2197,
         -0.2270, -0.2800, -0.1389, -0.1055, -0.0260, -0.0493, -0.0766, -0.2578,
         -0.0192,  0.0511],
        [-0.0390, -0.1934, -0.2282,  0.3323, -0.1248, -0.0083, -0.2579, -0.2173,
         -0.2317, -0.2753, -0.1320, -0.1102, -0.0428, -0.0433, -0.1115, -0.2557,
         -0.0185,  0.0357],
        [-0.0863, -0.2216, -0.1916,  0.3436, -0.1451, -0.0372, -0.3008, -0.2140,
         -0.2307, -0.2894, -0.1442, -0.1132, -0.0237, -0.0644, -0.0569, -0.2369,
         -0.0409,  0.0488],
        [-0.1349, -0.2256, -0.1731,  0.3347, -0.1608, -0.0608, -0.3284, -0.1960,
         -0.2330, -0.2714, -0.1421, -0.1067, -0.0053, -0.0759, -0.0352, -0.2371,
         -0.0167,  0.0637],
        [-0.0305, -0.1835, -0.2428,  0.3440, -0.1151,  0.0051, -0.2521, -0.2245,
         -0.2288, -0.2809, -0.1184, -0.1007, -0.0470, -0.0333, -0.1144, -0.2497,
         -0.0124,  0.0277],
        [-0.0259, -0.1997, -0.2390,  0.3381, -0.1083,  0.0113, -0.2468, -0.2272,
         -0.2245, -0.2880, -0.1138, -0.1059, -0.0482, -0.0376, -0.1136, -0.2525,
         -0.0096,  0.0257],
        [-0.0573, -0.1957, -0.2246,  0.3327, -0.1295, -0.0090, -0.2579, -0.2167,
         -0.2316, -0.2739, -0.1270, -0.1054, -0.0468, -0.0415, -0.1011, -0.2497,
         -0.0176,  0.0337],
        [-0.0301, -0.1866, -0.2318,  0.3428, -0.1186,  0.0026, -0.2510, -0.2160,
         -0.2357, -0.2828, -0.1207, -0.1069, -0.0447, -0.0416, -0.1098, -0.2538,
         -0.0172,  0.0275],
        [-0.0650, -0.2052, -0.2231,  0.3331, -0.1432, -0.0189, -0.2788, -0.2170,
         -0.2388, -0.2751, -0.1320, -0.1043, -0.0340, -0.0516, -0.1029, -0.2532,
         -0.0099,  0.0450],
        [-0.1074, -0.2335, -0.2016,  0.3439, -0.1735, -0.0494, -0.3048, -0.2334,
         -0.2364, -0.2786, -0.1663, -0.1104, -0.0030, -0.0767, -0.0226, -0.2445,
         -0.0053,  0.0741],
        [-0.0305, -0.1915, -0.2314,  0.3352, -0.1133,  0.0018, -0.2515, -0.2114,
         -0.2261, -0.2749, -0.1177, -0.1055, -0.0435, -0.0358, -0.1099, -0.2569,
         -0.0168,  0.0286],
        [-0.0235, -0.2041, -0.2317,  0.3415, -0.1156,  0.0091, -0.2472, -0.2243,
         -0.2226, -0.2711, -0.1252, -0.1019, -0.0437, -0.0357, -0.1067, -0.2555,
         -0.0072,  0.0232],
        [-0.0379, -0.1863, -0.2363,  0.3407, -0.1224,  0.0096, -0.2576, -0.2213,
         -0.2326, -0.2865, -0.1186, -0.0946, -0.0511, -0.0376, -0.1064, -0.2537,
         -0.0145,  0.0304],
        [-0.0812, -0.1879, -0.2146,  0.3397, -0.1527, -0.0213, -0.2897, -0.2169,
         -0.2382, -0.2903, -0.1304, -0.1056, -0.0264, -0.0559, -0.0782, -0.2501,
         -0.0250,  0.0517]]), 'y_true': tensor([[1, 1, 1, 2, 1, 1],
        [1, 1, 1, 0, 1, 1],
        [1, 1, 0, 1, 1, 1],
        [1, 1, 0, 1, 1, 1],
        [1, 1, 0, 1, 1, 1],
        [1, 1, 0, 1, 1, 1],
        [1, 1, 2, 1, 1, 1],
        [1, 0, 1, 1, 1, 1],
        [1, 0, 1, 0, 1, 1],
        [1, 2, 1, 1, 1, 1],
        [0, 0, 1, 1, 1, 1],
        [1, 2, 1, 1, 1, 1],
        [1, 2, 1, 1, 1, 1],
        [1, 1, 1, 1, 1, 0],
        [1, 1, 1, 1, 1, 2],
        [1, 1, 1, 1, 1, 2]]), 'task_name': 'casa_absa-prosa', 'task_type': 'classification', 'inference_time': 0.019932159423828123}, {'predict_loss': tensor(6.6751), 'y_pred': tensor([[-0.0629, -0.1938, -0.2112,  0.3565, -0.1424, -0.0155, -0.2762, -0.2209,
         -0.2410, -0.2817, -0.1375, -0.0954, -0.0242, -0.0439, -0.0798, -0.2537,
         -0.0145,  0.0538],
        [-0.0798, -0.2046, -0.2196,  0.3364, -0.1464, -0.0275, -0.2853, -0.2262,
         -0.2386, -0.2831, -0.1416, -0.1094, -0.0346, -0.0366, -0.0883, -0.2468,
         -0.0180,  0.0546],
        [-0.0432, -0.1829, -0.2344,  0.3404, -0.1270, -0.0064, -0.2528, -0.2148,
         -0.2338, -0.2756, -0.1221, -0.1158, -0.0383, -0.0418, -0.1033, -0.2544,
         -0.0163,  0.0267],
        [-0.0677, -0.2054, -0.2377,  0.3426, -0.1324, -0.0057, -0.2732, -0.2270,
         -0.2279, -0.2890, -0.1254, -0.0910, -0.0285, -0.0404, -0.1017, -0.2614,
         -0.0188,  0.0495]]), 'y_true': tensor([[1, 1, 1, 2, 1, 1],
        [1, 1, 1, 2, 1, 1],
        [1, 1, 1, 2, 1, 1],
        [0, 1, 1, 1, 1, 1]]), 'task_name': 'casa_absa-prosa', 'task_type': 'classification', 'inference_time': 0.011536416053771972}]
inference time: [0.030187519073486328, 0.03782447814941406, 0.030442495346069336, 0.0271011848449707, 0.053759998321533206, 0.030342144012451173, 0.026265600204467773, 0.018493440628051756, 0.02517196846008301, 0.018795520782470702, 0.019932159423828123, 0.011536416053771972]
datetime: 17/04/2023 14:29:08